
 7.3018450292 -0.0674597864 -0.0000365376 -0.0147029881 -0.0000025036 -1.7162048703 -0.3064926389 -0.0087175308 -0.0000053171 -0.0017264409 -0.0000003097 -0.1866635253 -0.0007037465 -0.0000226704 -0.0000000151 -0.0000041058 -0.0000000008 -0.0004077513 -0.0263488661 -0.0007238435 -0.0000004288 -0.0001470545 -0.0000000260 -0.0162483808 -0.2801634938 -0.0071673810 -0.0000039739 -0.0015353697 -0.0000002639 -0.1769242445 -2.0306908990 -0.0545657882 -0.0000316965 -0.0112682725 -0.0000019752 -1.2618418309 -0.2436530504 -0.0074514912 -0.0000048037 -0.0014002925 -0.0000002587 -0.1442961745 -0.0005921233 -0.0000202633 -0.0000000141 -0.0000035180 -0.0000000007 -0.0003337366 -0.0206315839 -0.0006101824 -0.0000003838 -0.0001174623 -0.0000000214 -0.0123817168 -0.2128595781 -0.0058591723 -0.0000034768 -0.0011886002 -0.0000002104 -0.1311715937 -1.0557824342 -0.0305505942 -0.0000188925 -0.0059749221 -0.0000010792 -0.6389096490 -0.1341402850 -0.0043860496 -0.0000029585 -0.0007860557 -0.0000001492 -0.0772112189 -0.0003437643 -0.0000123753 -0.0000000088 -0.0000020750 -0.0000000004 -0.0001889518 -0.0111870183 -0.0003548400 -0.0000002346 -0.0000649712 -0.0000000122 -0.0065252720 -0.1118195618 -0.0033134890 -0.0000020870 -0.0006369668 -0.0000001162 -0.0670563848 -0.3800116778 -0.0118117773 -0.0000077023 -0.0021941017 -0.0000004080 -0.2235566442 -0.0510718323 -0.0017701096 -0.0000012372 -0.0003046254 -0.0000000592 -0.0286097385 -0.0001371608 -0.0000051424 -0.0000000038 -0.0000008388 -0.0000000002 -0.0000737828 -0.0041987383 -0.0001417779 -0.0000000976 -0.0000248440 -0.0000000048 -0.0023815177 -0.0406780641 -0.0012925611 -0.0000008557 -0.0002363698 -0.0000000443 -0.0237090427 -0.0947093236 -0.0031417581 -0.0000021386 -0.0005573938 -0.0000001064 -0.0541611374 -0.0134056738 -0.0004876172 -0.0000003502 -0.0000811868 -0.0000000161 -0.0073290542 -0.0000374432 -0.0000014486 -0.0000000011 -0.0000002314 -0.0000000000 -0.0000197897 -0.0010882215 -0.0000387470 -0.0000000275 -0.0000065458 -0.0000000013 -0.0006015126 -0.0102425529 -0.0003463929 -0.0000002386 -0.0000606339 -0.0000000117 -0.0058053584
 -0.0674597864 9.9973080391 -0.0000020257 -0.0004212582 -0.0000000867 -0.0350096173 -0.0111022973 -0.0004539104 -0.0000003454 -0.0000699097 -0.0000000145 -0.0056762968 -0.0000341475 -0.0000014150 -0.0000000011 -0.0000002160 -0.0000000000 -0.0000173102 -0.0008709807 -0.0000354273 -0.0000000269 -0.0000054747 -0.0000000011 -0.0004467400 -0.0075352685 -0.0003023704 -0.0000002281 -0.0000471441 -0.0000000097 -0.0038973954 -0.0631457695 -0.0025589445 -0.0000019395 -0.0003964074 -0.0000000821 -0.0324632850 -0.0105261898 -0.0004340678 -0.0000003316 -0.0000664801 -0.0000000139 -0.0053525886 -0.0000326081 -0.0000013575 -0.0000000010 -0.0000002066 -0.0000000000 -0.0000164802 -0.0008235421 -0.0000338363 -0.0000000258 -0.0000051946 -0.0000000011 -0.0004197475 -0.0070740450 -0.0002878285 -0.0000002186 -0.0000444702 -0.0000000092 -0.0036276802 -0.0399439043 -0.0016367911 -0.0000012469 -0.0002517194 -0.0000000524 -0.0203930611 -0.0067203982 -0.0002788222 -0.0000002136 -0.0000425343 -0.0000000089 -0.0034040287 -0.0000209246 -0.0000008740 -0.0000000007 -0.0000001327 -0.0000000000 -0.0000105529 -0.0005247633 -0.0000217155 -0.0000000166 -0.0000033183 -0.0000000007 -0.0002662468 -0.0044843508 -0.0001842868 -0.0000001406 -0.0000282879 -0.0000000059 -0.0022852834 -0.0170371362 -0.0007036941 -0.0000005380 -0.0001076617 -0.0000000225 -0.0086545011 -0.0028854469 -0.0001202298 -0.0000000923 -0.0000182899 -0.0000000038 -0.0014574899 -0.0000090164 -0.0000003775 -0.0000000003 -0.0000000572 -0.0000000000 -0.0000045404 -0.0002249989 -0.0000093581 -0.0000000072 -0.0000014253 -0.0000000003 -0.0001137853 -0.0019156287 -0.0000792843 -0.0000000607 -0.0000121140 -0.0000000025 -0.0009718249 -0.0048916852 -0.0002031825 -0.0000001557 -0.0000309725 -0.0000000065 -0.0024759255 -0.0008323617 -0.0000347875 -0.0000000267 -0.0000052817 -0.0000000011 -0.0004196161 -0.0000026075 -0.0000001093 -0.0000000001 -0.0000000166 -0.0000000000 -0.0000013117 -0.0000648418 -0.0000027065 -0.0000000021 -0.0000004113 -0.0000000001 -0.0000327158 -0.0005506142 -0.0000229035 -0.0000000176 -0.0000034881 -0.0000000007 -0.0002784336
 -0.0000365376 -0.0000020257 9.9999999983 -0.0000002585 -0.0000000001 -0.0000145012 -0.0000079554 -0.0000003791 -0.0000000003 -0.0000000530 -0.0000000000 -0.0000036444 -0.0000000278 -0.0000000012 -0.0000000000 -0.0000000002 -0.0000000000 -0.0000000134 -0.0000005916 -0.0000000290 -0.0000000000 -0.0000000040 -0.0000000000 -0.0000002648 -0.0000043809 -0.0000002333 -0.0000000002 -0.0000000305 -0.0000000000 -0.0000018138 -0.0000411888 -0.0000020606 -0.0000000017 -0.0000002795 -0.0000000001 -0.0000180992 -0.0000082053 -0.0000003750 -0.0000000003 -0.0000000538 -0.0000000000 -0.0000038844 -0.0000000277 -0.0000000012 -0.0000000000 -0.0000000002 -0.0000000000 -0.0000000135 -0.0000006198 -0.0000000288 -0.0000000000 -0.0000000041 -0.0000000000 -0.0000002896 -0.0000048209 -0.0000002357 -0.0000000002 -0.0000000324 -0.0000000000 -0.0000021614 -0.0000292845 -0.0000013795 -0.0000000011 -0.0000001941 -0.0000000000 -0.0000135407 -0.0000055410 -0.0000002465 -0.0000000002 -0.0000000360 -0.0000000000 -0.0000026758 -0.0000000183 -0.0000000008 -0.0000000000 -0.0000000001 -0.0000000000 -0.0000000090 -0.0000004226 -0.0000000190 -0.0000000000 -0.0000000028 -0.0000000000 -0.0000002024 -0.0000033824 -0.0000001571 -0.0000000001 -0.0000000223 -0.0000000000 -0.0000015815 -0.0000134833 -0.0000006117 -0.0000000005 -0.0000000881 -0.0000000000 -0.0000064183 -0.0000024712 -0.0000001080 -0.0000000001 -0.0000000159 -0.0000000000 -0.0000012085 -0.0000000080 -0.0000000003 -0.0000000000 -0.0000000001 -0.0000000000 -0.0000000040 -0.0000001896 -0.0000000084 -0.0000000000 -0.0000000012 -0.0000000000 -0.0000000923 -0.0000015450 -0.0000000695 -0.0000000001 -0.0000000101 -0.0000000000 -0.0000007404 -0.0000040746 -0.0000001804 -0.0000000001 -0.0000000264 -0.0000000000 -0.0000019745 -0.0000007316 -0.0000000316 -0.0000000000 -0.0000000047 -0.0000000000 -0.0000003608 -0.0000000024 -0.0000000001 -0.0000000000 -0.0000000000 -0.0000000000 -0.0000000012 -0.0000000564 -0.0000000024 -0.0000000000 -0.0000000004 -0.0000000000 -0.0000000277 -0.0000004645 -0.0000000204 -0.0000000000 -0.0000000030 -0.0000000000 -0.0000002261
 -0.0147029881 -0.0004212582 -0.0000002585 9.9999170161 -0.0000000149 -0.0089305087 -0.0018537098 -0.0000600964 -0.0000000403 -0.0000108352 -0.0000000020 -0.0010710446 -0.0000047183 -0.0000001688 -0.0000000001 -0.0000000284 -0.0000000000 -0.0000026017 -0.0001549069 -0.0000048693 -0.0000000032 -0.0000008973 -0.0000000002 -0.0000907030 -0.0015550029 -0.0000456303 -0.0000000285 -0.0000088340 -0.0000000016 -0.0009360323 -0.0117261640 -0.0003611010 -0.0000002339 -0.0000675239 -0.0000000125 -0.0069249261 -0.0015643812 -0.0000538278 -0.0000000375 -0.0000093100 -0.0000000018 -0.0008794286 -0.0000041768 -0.0000001558 -0.0000000001 -0.0000000255 -0.0000000000 -0.0000022528 -0.0001288487 -0.0000043166 -0.0000000030 -0.0000007606 -0.0000000001 -0.0000733513 -0.0012534348 -0.0000394710 -0.0000000260 -0.0000072643 -0.0000000014 -0.0007333674 -0.0064762189 -0.0002130662 -0.0000001443 -0.0000380203 -0.0000000072 -0.0037174207 -0.0009106339 -0.0000329285 -0.0000000236 -0.0000055045 -0.0000000011 -0.0004993863 -0.0000025313 -0.0000000976 -0.0000000001 -0.0000000156 -0.0000000000 -0.0000013407 -0.0000740395 -0.0000026191 -0.0000000019 -0.0000004444 -0.0000000001 -0.0000410602 -0.0006994527 -0.0000234698 -0.0000000161 -0.0000041308 -0.0000000008 -0.0003978949 -0.0024729656 -0.0000861595 -0.0000000604 -0.0000147743 -0.0000000029 -0.0013817979 -0.0003641481 -0.0000137003 -0.0000000100 -0.0000022296 -0.0000000004 -0.0001955108 -0.0000010456 -0.0000000413 -0.0000000000 -0.0000000065 -0.0000000000 -0.0000005459 -0.0000292853 -0.0000010828 -0.0000000008 -0.0000001783 -0.0000000000 -0.0000158723 -0.0002696213 -0.0000095501 -0.0000000068 -0.0000016191 -0.0000000003 -0.0001494258 -0.0006507829 -0.0000237716 -0.0000000171 -0.0000039466 -0.0000000008 -0.0003550054 -0.0000995850 -0.0000038630 -0.0000000029 -0.0000006160 -0.0000000001 -0.0000525527 -0.0000002932 -0.0000000118 -0.0000000000 -0.0000000018 -0.0000000000 -0.0000001514 -0.0000079384 -0.0000003039 -0.0000000002 -0.0000000489 -0.0000000000 -0.0000042212 -0.0000715327 -0.0000026477 -0.0000000019 -0.0000004357 -0.0000000001 -0.0000387482
 -0.0000025036 -0.0000000867 -0.0000000001 -0.0000000149 10.0000000000 -0.0000014031 -0.0000003668 -0.0000000137 -0.0000000000 -0.0000000022 -0.0000000000 -0.0000001974 -0.0000000010 -0.0000000000 -0.0000000000 -0.0000000000 -0.0000000000 -0.0000000005 -0.0000000295 -0.0000000011 -0.0000000000 -0.0000000002 -0.0000000000 -0.0000000160 -0.0000002727 -0.0000000096 -0.0000000000 -0.0000000016 -0.0000000000 -0.0000001516 -0.0000021809 -0.0000000793 -0.0000000001 -0.0000000132 -0.0000000000 -0.0000011928 -0.0000003324 -0.0000000129 -0.0000000000 -0.0000000021 -0.0000000000 -0.0000001757 -0.0000000010 -0.0000000000 -0.0000000000 -0.0000000000 -0.0000000000 -0.0000000005 -0.0000000265 -0.0000000010 -0.0000000000 -0.0000000002 -0.0000000000 -0.0000000141 -0.0000002395 -0.0000000088 -0.0000000000 -0.0000000015 -0.0000000000 -0.0000001301 -0.0000013044 -0.0000000493 -0.0000000000 -0.0000000080 -0.0000000000 -0.0000006988 -0.0000002052 -0.0000000081 -0.0000000000 -0.0000000013 -0.0000000000 -0.0000001070 -0.0000000006 -0.0000000000 -0.0000000000 -0.0000000000 -0.0000000000 -0.0000000003 -0.0000000163 -0.0000000006 -0.0000000000 -0.0000000001 -0.0000000000 -0.0000000085 -0.0000001442 -0.0000000055 -0.0000000000 -0.0000000009 -0.0000000000 -0.0000000768 -0.0000005333 -0.0000000207 -0.0000000000 -0.0000000033 -0.0000000000 -0.0000002809 -0.0000000859 -0.0000000035 -0.0000000000 -0.0000000005 -0.0000000000 -0.0000000443 -0.0000000003 -0.0000000000 -0.0000000000 -0.0000000000 -0.0000000000 -0.0000000001 -0.0000000068 -0.0000000003 -0.0000000000 -0.0000000000 -0.0000000000 -0.0000000035 -0.0000000593 -0.0000000023 -0.0000000000 -0.0000000004 -0.0000000000 -0.0000000311 -0.0000001484 -0.0000000059 -0.0000000000 -0.0000000009 -0.0000000000 -0.0000000771 -0.0000000244 -0.0000000010 -0.0000000000 -0.0000000002 -0.0000000000 -0.0000000125 -0.0000000001 -0.0000000000 -0.0000000000 -0.0000000000 -0.0000000000 -0.0000000000 -0.0000000019 -0.0000000001 -0.0000000000 -0.0000000000 -0.0000000000 -0.0000000010 -0.0000000166 -0.0000000007 -0.0000000000 -0.0000000001 -0.0000000000 -0.0000000086
 -1.7162048703 -0.0350096173 -0.0000145012 -0.0089305087 -0.0000014031 8.8463120077 -0.1679252816 -0.0036909306 -0.0000017125 -0.0008879833 -0.0000001436 -0.1107997906 -0.0003175703 -0.0000077553 -0.0000000041 -0.0000017207 -0.0000000003 -0.0002034467 -0.0150922536 -0.0003242452 -0.0000001456 -0.0000794083 -0.0000000127 -0.0100168568 -0.1740335777 -0.0035911217 -0.0000015158 -0.0009077923 -0.0000001433 -0.1166693166 -1.1944248403 -0.0253202773 -0.0000111486 -0.0062663032 -0.0000009994 -0.7954293349 -0.1201368071 -0.0027928401 -0.0000013936 -0.0006434063 -0.0000001064 -0.0780716450 -0.0002367375 -0.0000062029 -0.0000000035 -0.0000013052 -0.0000000002 -0.0001483496 -0.0107052484 -0.0002421212 -0.0000001167 -0.0000569732 -0.0000000093 -0.0070098737 -0.1216257619 -0.0026162742 -0.0000011772 -0.0006401105 -0.0000001027 -0.0806985918 -0.5651019478 -0.0125729408 -0.0000059312 -0.0029963644 -0.0000004871 -0.3716672059 -0.0588691325 -0.0014606364 -0.0000007848 -0.0003201953 -0.0000000544 -0.0375328269 -0.0001217762 -0.0000034354 -0.0000000021 -0.0000006844 -0.0000000001 -0.0000743874 -0.0051901042 -0.0001247823 -0.0000000648 -0.0000280164 -0.0000000047 -0.0033403927 -0.0578563667 -0.0013105173 -0.0000006330 -0.0003080163 -0.0000000504 -0.0378692359 -0.1824985165 -0.0043042844 -0.0000021853 -0.0009806849 -0.0000001631 -0.1181128906 -0.0198460034 -0.0005289491 -0.0000003050 -0.0001098944 -0.0000000192 -0.0123659942 -0.0000433428 -0.0000013152 -0.0000000008 -0.0000002485 -0.0000000000 -0.0000257494 -0.0017276111 -0.0000445022 -0.0000000248 -0.0000094840 -0.0000000016 -0.0010885966 -0.0188133047 -0.0004531086 -0.0000002357 -0.0001015975 -0.0000000170 -0.0121021667 -0.0404111284 -0.0010190758 -0.0000005569 -0.0002206761 -0.0000000377 -0.0256357170 -0.0046202328 -0.0001326093 -0.0000000815 -0.0000260891 -0.0000000047 -0.0028044628 -0.0000106836 -0.0000003469 -0.0000000002 -0.0000000625 -0.0000000000 -0.0000061687 -0.0003964737 -0.0000109914 -0.0000000066 -0.0000022181 -0.0000000004 -0.0002437080 -0.0042006944 -0.0001084152 -0.0000000606 -0.0000230716 -0.0000000040 -0.0026452933
 -0.3064926389 -0.0111022973 -0.0000079554 -0.0018537098 -0.0000003668 -0.1679252816 9.9534181810 -0.0017974765 -0.0000013309 -0.0002876096 -0.0000000584 -0.0246566774 -0.0001365682 -0.0000054769 -0.0000000041 -0.0000008543 -0.0000000002 -0.0000706609 -0.0037190227 -0.0001415105 -0.0000001040 -0.0000228557 -0.0000000046 -0.0019842466 -0.0336398596 -0.0012355465 -0.0000008920 -0.0002043650 -0.0000000407 -0.0182975863 -0.2730061507 -0.0102854522 -0.0000075245 -0.0016723209 -0.0000003362 -0.1464654449 -0.0428477324 -0.0016940700 -0.0000012692 -0.0002667254 -0.0000000547 -0.0223604892 -0.0001281698 -0.0000052128 -0.0000000040 -0.0000008056 -0.0000000002 -0.0000657447 -0.0033963140 -0.0001328784 -0.0000000991 -0.0000210671 -0.0000000043 -0.0017834111 -0.0301735443 -0.0011490911 -0.0000008453 -0.0001854873 -0.0000000375 -0.0160911295 -0.1662758762 -0.0064568402 -0.0000047957 -0.0010288056 -0.0000002094 -0.0876935611 -0.0267549681 -0.0010769467 -0.0000008137 -0.0001675698 -0.0000000346 -0.0138119690 -0.0000812308 -0.0000033372 -0.0000000025 -0.0000005124 -0.0000000001 -0.0000414041 -0.0021091613 -0.0000842474 -0.0000000634 -0.0000131752 -0.0000000027 -0.0010939474 -0.0184789176 -0.0007234364 -0.0000005395 -0.0001146482 -0.0000000234 -0.0096996882 -0.0689483843 -0.0027388336 -0.0000020566 -0.0004298852 -0.0000000883 -0.0358806048 -0.0113044211 -0.0004609859 -0.0000003504 -0.0000711190 -0.0000000148 -0.0057889735 -0.0000346947 -0.0000014356 -0.0000000011 -0.0000002194 -0.0000000000 -0.0000176035 -0.0008875555 -0.0000359931 -0.0000000273 -0.0000055731 -0.0000000012 -0.0004560932 -0.0076949326 -0.0003075075 -0.0000002316 -0.0000480753 -0.0000000099 -0.0039899539 -0.0193923752 -0.0007832621 -0.0000005927 -0.0001215998 -0.0000000251 -0.0099900811 -0.0032237418 -0.0001326936 -0.0000001013 -0.0000203471 -0.0000000042 -0.0016411936 -0.0000099713 -0.0000004147 -0.0000000003 -0.0000000632 -0.0000000000 -0.0000050427 -0.0002523645 -0.0000103464 -0.0000000079 -0.0000015906 -0.0000000003 -0.0001288017 -0.0021711005 -0.0000880747 -0.0000000668 -0.0000136343 -0.0000000028 -0.0011154402
 -0.0087175308 -0.0004539104 -0.0000003791 -0.0000600964 -0.0000000137 -0.0036909306 -0.0017974765 9.9999164550 -0.0000000670 -0.0000118551 -0.0000000026 -0.0008399829 -0.0000061586 -0.0000002723 -0.0000000002 -0.0000000399 -0.0000000000 -0.0000029875 -0.0001349358 -0.0000064060 -0.0000000052 -0.0000008971 -0.0000000002 -0.0000620016 -0.0010297133 -0.0000520659 -0.0000000431 -0.0000070159 -0.0000000016 -0.0004481508 -0.0094652537 -0.0004566950 -0.0000003716 -0.0000633219 -0.0000000141 -0.0042915452 -0.0018279825 -0.0000822266 -0.0000000652 -0.0000119103 -0.0000000026 -0.0008757387 -0.0000060917 -0.0000002652 -0.0000000002 -0.0000000392 -0.0000000000 -0.0000029878 -0.0001388794 -0.0000063324 -0.0000000050 -0.0000009094 -0.0000000002 -0.0000658635 -0.0010989566 -0.0000521028 -0.0000000421 -0.0000073028 -0.0000000016 -0.0005055067 -0.0065907042 -0.0003035943 -0.0000002428 -0.0000433226 -0.0000000094 -0.0031014094 -0.0012235533 -0.0000538740 -0.0000000423 -0.0000079100 -0.0000000017 -0.0005953195 -0.0000040045 -0.0000001725 -0.0000000001 -0.0000000257 -0.0000000000 -0.0000019785 -0.0000936619 -0.0000041609 -0.0000000033 -0.0000006075 -0.0000000001 -0.0000452809 -0.0007576068 -0.0000345146 -0.0000000275 -0.0000049595 -0.0000000011 -0.0003595251 -0.0029965263 -0.0001340102 -0.0000001060 -0.0000194824 -0.0000000042 -0.0014416867 -0.0005425410 -0.0000235504 -0.0000000184 -0.0000034894 -0.0000000007 -0.0002666299 -0.0000017545 -0.0000000750 -0.0000000001 -0.0000000112 -0.0000000000 -0.0000008711 -0.0000417354 -0.0000018225 -0.0000000014 -0.0000002690 -0.0000000001 -0.0000204254 -0.0003423306 -0.0000151997 -0.0000000120 -0.0000022198 -0.0000000005 -0.0001655662 -0.0008983334 -0.0000394024 -0.0000000309 -0.0000057994 -0.0000000012 -0.0004382772 -0.0001600057 -0.0000068788 -0.0000000054 -0.0000010255 -0.0000000002 -0.0000791576 -0.0000005133 -0.0000000218 -0.0000000000 -0.0000000033 -0.0000000000 -0.0000002557 -0.0000123488 -0.0000005330 -0.0000000004 -0.0000000793 -0.0000000000 -0.0000060922 -0.0001022200 -0.0000044621 -0.0000000035 -0.0000006588 -0.0000000001 -0.0000500397
 -0.0000053171 -0.0000003454 -0.0000000003 -0.0000000403 -0.0000000000 -0.0000017125 -0.0000013309 -0.0000000670 9.9999999999 -0.0000000091 -0.0000000000 -0.0000005812 -0.0000000049 -0.0000000002 -0.0000000000 -0.0000000000 -0.0000000000 -0.0000000023 -0.0000000968 -0.0000000051 -0.0000000000 -0.0000000007 -0.0000000000 -0.0000000406 -0.0000006642 -0.0000000402 -0.0000000000 -0.0000000049 -0.0000000000 -0.0000002375 -0.0000066171 -0.0000003600 -0.0000000003 -0.0000000464 -0.0000000000 -0.0000026799 -0.0000014174 -0.0000000671 -0.0000000001 -0.0000000094 -0.0000000000 -0.0000006531 -0.0000000049 -0.0000000002 -0.0000000000 -0.0000000000 -0.0000000000 -0.0000000024 -0.0000001057 -0.0000000051 -0.0000000000 -0.0000000007 -0.0000000000 -0.0000000477 -0.0000007898 -0.0000000414 -0.0000000000 -0.0000000055 -0.0000000000 -0.0000003321 -0.0000049438 -0.0000002447 -0.0000000002 -0.0000000334 -0.0000000000 -0.0000021930 -0.0000009759 -0.0000000444 -0.0000000000 -0.0000000064 -0.0000000000 -0.0000004636 -0.0000000033 -0.0000000001 -0.0000000000 -0.0000000000 -0.0000000000 -0.0000000016 -0.0000000738 -0.0000000034 -0.0000000000 -0.0000000005 -0.0000000000 -0.0000000347 -0.0000005773 -0.0000000280 -0.0000000000 -0.0000000039 -0.0000000000 -0.0000002608 -0.0000023417 -0.0000001096 -0.0000000001 -0.0000000155 -0.0000000000 -0.0000010884 -0.0000004406 -0.0000000195 -0.0000000000 -0.0000000029 -0.0000000000 -0.0000002132 -0.0000000015 -0.0000000001 -0.0000000000 -0.0000000000 -0.0000000000 -0.0000000007 -0.0000000336 -0.0000000015 -0.0000000000 -0.0000000002 -0.0000000000 -0.0000000162 -0.0000002701 -0.0000000125 -0.0000000000 -0.0000000018 -0.0000000000 -0.0000001268 -0.0000007201 -0.0000000325 -0.0000000000 -0.0000000047 -0.0000000000 -0.0000003438 -0.0000001315 -0.0000000057 -0.0000000000 -0.0000000008 -0.0000000000 -0.0000000644 -0.0000000004 -0.0000000000 -0.0000000000 -0.0000000000 -0.0000000000 -0.0000000002 -0.0000000101 -0.0000000004 -0.0000000000 -0.0000000001 -0.0000000000 -0.0000000049 -0.0000000824 -0.0000000037 -0.0000000000 -0.0000000005 -0.0000000000 -0.0000000396
 -0.0017264409 -0.0000699097 -0.0000000530 -0.0000108352 -0.0000000022 -0.0008879833 -0.0002876096 -0.0000118551 -0.0000000091 9.9999981838 -0.0000000004 -0.0001462893 -0.0000008906 -0.0000000371 -0.0000000000 -0.0000000056 -0.0000000000 -0.0000004502 -0.0000225049 -0.0000009242 -0.0000000007 -0.0000001419 -0.0000000000 -0.0000114740 -0.0001933802 -0.0000078629 -0.0000000060 -0.0000012154 -0.0000000003 -0.0000992107 -0.0016285490 -0.0000666970 -0.0000000508 -0.0000102609 -0.0000000021 -0.0008317300 -0.0002738720 -0.0000113593 -0.0000000087 -0.0000017332 -0.0000000004 -0.0001387487 -0.0000008525 -0.0000000356 -0.0000000000 -0.0000000054 -0.0000000000 -0.0000004300 -0.0000213874 -0.0000008847 -0.0000000007 -0.0000001352 -0.0000000000 -0.0000108537 -0.0001828118 -0.0000075091 -0.0000000057 -0.0000011530 -0.0000000002 -0.0000931921 -0.0010359495 -0.0000427718 -0.0000000327 -0.0000065455 -0.0000000014 -0.0005263708 -0.0001753938 -0.0000073067 -0.0000000056 -0.0000011117 -0.0000000002 -0.0000886065 -0.0000005480 -0.0000000229 -0.0000000000 -0.0000000035 -0.0000000000 -0.0000002760 -0.0000136776 -0.0000005687 -0.0000000004 -0.0000000866 -0.0000000000 -0.0000069181 -0.0001164718 -0.0000048189 -0.0000000037 -0.0000007364 -0.0000000002 -0.0000591009 -0.0004436376 -0.0000184220 -0.0000000141 -0.0000028087 -0.0000000006 -0.0002245868 -0.0000754714 -0.0000031538 -0.0000000024 -0.0000004789 -0.0000000001 -0.0000380508 -0.0000002364 -0.0000000099 -0.0000000000 -0.0000000015 -0.0000000000 -0.0000001189 -0.0000058796 -0.0000002454 -0.0000000002 -0.0000000373 -0.0000000000 -0.0000029669 -0.0000499337 -0.0000020766 -0.0000000016 -0.0000003163 -0.0000000001 -0.0000252544 -0.0001277408 -0.0000053259 -0.0000000041 -0.0000008099 -0.0000000002 -0.0000644986 -0.0000218047 -0.0000009131 -0.0000000007 -0.0000001385 -0.0000000000 -0.0000109779 -0.0000000684 -0.0000000029 -0.0000000000 -0.0000000004 -0.0000000000 -0.0000000344 -0.0000016975 -0.0000000710 -0.0000000001 -0.0000000108 -0.0000000000 -0.0000008551 -0.0000143892 -0.0000006006 -0.0000000005 -0.0000000913 -0.0000000000 -0.0000072605
 -0.0000003097 -0.0000000145 -0.0000000000 -0.0000000020 -0.0000000000 -0.0000001436 -0.0000000584 -0.0000000026 -0.0000000000 -0.0000000004 10.0000000000 -0.0000000282 -0.0000000002 -0.0000000000 -0.0000000000 -0.0000000000 -0.0000000000 -0.0000000001 -0.0000000045 -0.0000000002 -0.0000000000 -0.0000000000 -0.0000000000 -0.0000000021 -0.0000000357 -0.0000000017 -0.0000000000 -0.0000000002 -0.0000000000 -0.0000000168 -0.0000003166 -0.0000000143 -0.0000000000 -0.0000000021 -0.0000000000 -0.0000001510 -0.0000000579 -0.0000000025 -0.0000000000 -0.0000000004 -0.0000000000 -0.0000000283 -0.0000000002 -0.0000000000 -0.0000000000 -0.0000000000 -0.0000000000 -0.0000000001 -0.0000000044 -0.0000000002 -0.0000000000 -0.0000000000 -0.0000000000 -0.0000000022 -0.0000000363 -0.0000000016 -0.0000000000 -0.0000000002 -0.0000000000 -0.0000000174 -0.0000002126 -0.0000000094 -0.0000000000 -0.0000000014 -0.0000000000 -0.0000001032 -0.0000000381 -0.0000000016 -0.0000000000 -0.0000000002 -0.0000000000 -0.0000000188 -0.0000000001 -0.0000000000 -0.0000000000 -0.0000000000 -0.0000000000 -0.0000000001 -0.0000000029 -0.0000000001 -0.0000000000 -0.0000000000 -0.0000000000 -0.0000000014 -0.0000000242 -0.0000000011 -0.0000000000 -0.0000000002 -0.0000000000 -0.0000000118 -0.0000000945 -0.0000000041 -0.0000000000 -0.0000000006 -0.0000000000 -0.0000000463 -0.0000000167 -0.0000000007 -0.0000000000 -0.0000000001 -0.0000000000 -0.0000000083 -0.0000000001 -0.0000000000 -0.0000000000 -0.0000000000 -0.0000000000 -0.0000000000 -0.0000000013 -0.0000000001 -0.0000000000 -0.0000000000 -0.0000000000 -0.0000000006 -0.0000000107 -0.0000000005 -0.0000000000 -0.0000000001 -0.0000000000 -0.0000000053 -0.0000000279 -0.0000000012 -0.0000000000 -0.0000000002 -0.0000000000 -0.0000000138 -0.0000000049 -0.0000000002 -0.0000000000 -0.0000000000 -0.0000000000 -0.0000000024 -0.0000000000 -0.0000000000 -0.0000000000 -0.0000000000 -0.0000000000 -0.0000000000 -0.0000000004 -0.0000000000 -0.0000000000 -0.0000000000 -0.0000000000 -0.0000000002 -0.0000000032 -0.0000000001 -0.0000000000 -0.0000000000 -0.0000000000 -0.0000000016
 -0.1866635253 -0.0056762968 -0.0000036444 -0.0010710446 -0.0000001974 -0.1107997906 -0.0246566774 -0.0008399829 -0.0000005812 -0.0001462893 -0.0000000282 9.9860729633 -0.0000653043 -0.0000024199 -0.0000000018 -0.0000003979 -0.0000000001 -0.0000353527 -0.0020359067 -0.0000674751 -0.0000000459 -0.0000119787 -0.0000000023 -0.0011647493 -0.0199149151 -0.0006195111 -0.0000004042 -0.0001150110 -0.0000000214 -0.0117117761 -0.1529101339 -0.0049743770 -0.0000033444 -0.0008946907 -0.0000001695 -0.0882147289 -0.0213082747 -0.0007642538 -0.0000005447 -0.0001284692 -0.0000000253 -0.0117344636 -0.0000588384 -0.0000022561 -0.0000000017 -0.0000003625 -0.0000000001 -0.0000312568 -0.0017362583 -0.0000608676 -0.0000000428 -0.0000103930 -0.0000000020 -0.0009672046 -0.0164850607 -0.0005472448 -0.0000003727 -0.0000970406 -0.0000000185 -0.0094241834 -0.0866417280 -0.0029899649 -0.0000020846 -0.0005160950 -0.0000001001 -0.0486374120 -0.0126600111 -0.0004732665 -0.0000003448 -0.0000773526 -0.0000000155 -0.0068210346 -0.0000361608 -0.0000014230 -0.0000000011 -0.0000002247 -0.0000000000 -0.0000189238 -0.0010199731 -0.0000374431 -0.0000000270 -0.0000061954 -0.0000000012 -0.0005549398 -0.0094311953 -0.0003310776 -0.0000002331 -0.0000564779 -0.0000000110 -0.0052502266 -0.0338557906 -0.0012271523 -0.0000008796 -0.0002048056 -0.0000000405 -0.0185433100 -0.0051481564 -0.0001987337 -0.0000001472 -0.0000317904 -0.0000000065 -0.0027243993 -0.0000150983 -0.0000006056 -0.0000000005 -0.0000000945 -0.0000000000 -0.0000078108 -0.0004109733 -0.0000156448 -0.0000000115 -0.0000025261 -0.0000000005 -0.0002192149 -0.0037163328 -0.0001365753 -0.0000000986 -0.0000225813 -0.0000000045 -0.0020207849 -0.0090859113 -0.0003424780 -0.0000002506 -0.0000556654 -0.0000000112 -0.0048731919 -0.0014265896 -0.0000564198 -0.0000000423 -0.0000088814 -0.0000000018 -0.0007443477 -0.0000042684 -0.0000001736 -0.0000000001 -0.0000000268 -0.0000000000 -0.0000021892 -0.0001130681 -0.0000044252 -0.0000000033 -0.0000007014 -0.0000000001 -0.0000593604 -0.0010042938 -0.0000382635 -0.0000000282 -0.0000061747 -0.0000000012 -0.0005354405
 -0.0007037465 -0.0000341475 -0.0000000278 -0.0000047183 -0.0000000010 -0.0003175703 -0.0001365682 -0.0000061586 -0.0000000049 -0.0000008906 -0.0000000002 -0.0000653043 9.9999995439 -0.0000000199 -0.0000000000 -0.0000000029 -0.0000000000 -0.0000002235 -0.0000103663 -0.0000004741 -0.0000000004 -0.0000000680 -0.0000000000 -0.0000049047 -0.0000818093 -0.0000038974 -0.0000000032 -0.0000005446 -0.0000000001 -0.0000374842 -0.0007333900 -0.0000339022 -0.0000000272 -0.0000048272 -0.0000000011 -0.0003441766 -0.0001365607 -0.0000060229 -0.0000000047 -0.0000008834 -0.0000000002 -0.0000663648 -0.0000004476 -0.0000000193 -0.0000000000 -0.0000000029 -0.0000000000 -0.0000002210 -0.0000104475 -0.0000004651 -0.0000000004 -0.0000000678 -0.0000000000 -0.0000050435 -0.0000843667 -0.0000038553 -0.0000000031 -0.0000005529 -0.0000000001 -0.0000399443 -0.0004984222 -0.0000223414 -0.0000000177 -0.0000032433 -0.0000000007 -0.0002393998 -0.0000904171 -0.0000039292 -0.0000000031 -0.0000005818 -0.0000000001 -0.0000444006 -0.0000002927 -0.0000000125 -0.0000000000 -0.0000000019 -0.0000000000 -0.0000001453 -0.0000069527 -0.0000003040 -0.0000000002 -0.0000000448 -0.0000000000 -0.0000033995 -0.0000569679 -0.0000025345 -0.0000000020 -0.0000003697 -0.0000000001 -0.0000275125 -0.0002231947 -0.0000098046 -0.0000000077 -0.0000014417 -0.0000000003 -0.0001087750 -0.0000398049 -0.0000017126 -0.0000000013 -0.0000002552 -0.0000000001 -0.0000196820 -0.0000001278 -0.0000000054 -0.0000000000 -0.0000000008 -0.0000000000 -0.0000000636 -0.0000030712 -0.0000001327 -0.0000000001 -0.0000000197 -0.0000000000 -0.0000015142 -0.0000254048 -0.0000011104 -0.0000000009 -0.0000001638 -0.0000000000 -0.0000124248 -0.0000662552 -0.0000028715 -0.0000000022 -0.0000004259 -0.0000000001 -0.0000325963 -0.0000116826 -0.0000004992 -0.0000000004 -0.0000000747 -0.0000000000 -0.0000058034 -0.0000000373 -0.0000000016 -0.0000000000 -0.0000000002 -0.0000000000 -0.0000000186 -0.0000009035 -0.0000000387 -0.0000000000 -0.0000000058 -0.0000000000 -0.0000004479 -0.0000075208 -0.0000003249 -0.0000000003 -0.0000000483 -0.0000000000 -0.0000037087
 -0.0000226704 -0.0000014150 -0.0000000012 -0.0000001688 -0.0000000000 -0.0000077553 -0.0000054769 -0.0000002723 -0.0000000002 -0.0000000371 -0.0000000000 -0.0000024199 -0.0000000199 9.9999999991 -0.0000000000 -0.0000000001 -0.0000000000 -0.0000000094 -0.0000004004 -0.0000000207 -0.0000000000 -0.0000000028 -0.0000000000 -0.0000001707 -0.0000028016 -0.0000001641 -0.0000000001 -0.0000000203 -0.0000000000 -0.0000010427 -0.0000275021 -0.0000014664 -0.0000000012 -0.0000001914 -0.0000000000 -0.0000113738 -0.0000057884 -0.0000002716 -0.0000000002 -0.0000000383 -0.0000000000 -0.0000026845 -0.0000000200 -0.0000000009 -0.0000000000 -0.0000000001 -0.0000000000 -0.0000000097 -0.0000004330 -0.0000000208 -0.0000000000 -0.0000000029 -0.0000000000 -0.0000001970 -0.0000032667 -0.0000001685 -0.0000000001 -0.0000000224 -0.0000000000 -0.0000013958 -0.0000203004 -0.0000009932 -0.0000000008 -0.0000001365 -0.0000000000 -0.0000090964 -0.0000039674 -0.0000001796 -0.0000000001 -0.0000000259 -0.0000000000 -0.0000018920 -0.0000000133 -0.0000000006 -0.0000000000 -0.0000000001 -0.0000000000 -0.0000000065 -0.0000003008 -0.0000000138 -0.0000000000 -0.0000000020 -0.0000000000 -0.0000001418 -0.0000023642 -0.0000001134 -0.0000000001 -0.0000000158 -0.0000000000 -0.0000010770 -0.0000095510 -0.0000004438 -0.0000000004 -0.0000000630 -0.0000000000 -0.0000044644 -0.0000017862 -0.0000000790 -0.0000000001 -0.0000000116 -0.0000000000 -0.0000008666 -0.0000000059 -0.0000000003 -0.0000000000 -0.0000000000 -0.0000000000 -0.0000000029 -0.0000001365 -0.0000000061 -0.0000000000 -0.0000000009 -0.0000000000 -0.0000000658 -0.0000010999 -0.0000000505 -0.0000000000 -0.0000000072 -0.0000000000 -0.0000005190 -0.0000029250 -0.0000001315 -0.0000000001 -0.0000000191 -0.0000000000 -0.0000014015 -0.0000005321 -0.0000000232 -0.0000000000 -0.0000000034 -0.0000000000 -0.0000002610 -0.0000000017 -0.0000000001 -0.0000000000 -0.0000000000 -0.0000000000 -0.0000000009 -0.0000000409 -0.0000000018 -0.0000000000 -0.0000000003 -0.0000000000 -0.0000000200 -0.0000003346 -0.0000000149 -0.0000000000 -0.0000000022 -0.0000000000 -0.0000001612
 -0.0000000151 -0.0000000011 -0.0000000000 -0.0000000001 -0.0000000000 -0.0000000041 -0.0000000041 -0.0000000002 -0.0000000000 -0.0000000000 -0.0000000000 -0.0000000018 -0.0000000000 -0.0000000000 10.0000000000 -0.0000000000 -0.0000000000 -0.0000000000 -0.0000000003 -0.0000000000 -0.0000000000 -0.0000000000 -0.0000000000 -0.0000000001 -0.0000000019 -0.0000000001 -0.0000000000 -0.0000000000 -0.0000000000 -0.0000000006 -0.0000000201 -0.0000000011 -0.0000000000 -0.0000000001 -0.0000000000 -0.0000000077 -0.0000000045 -0.0000000002 -0.0000000000 -0.0000000000 -0.0000000000 -0.0000000020 -0.0000000000 -0.0000000000 -0.0000000000 -0.0000000000 -0.0000000000 -0.0000000000 -0.0000000003 -0.0000000000 -0.0000000000 -0.0000000000 -0.0000000000 -0.0000000001 -0.0000000024 -0.0000000001 -0.0000000000 -0.0000000000 -0.0000000000 -0.0000000010 -0.0000000154 -0.0000000008 -0.0000000000 -0.0000000001 -0.0000000000 -0.0000000067 -0.0000000031 -0.0000000001 -0.0000000000 -0.0000000000 -0.0000000000 -0.0000000015 -0.0000000000 -0.0000000000 -0.0000000000 -0.0000000000 -0.0000000000 -0.0000000000 -0.0000000002 -0.0000000000 -0.0000000000 -0.0000000000 -0.0000000000 -0.0000000001 -0.0000000018 -0.0000000001 -0.0000000000 -0.0000000000 -0.0000000000 -0.0000000008 -0.0000000074 -0.0000000004 -0.0000000000 -0.0000000000 -0.0000000000 -0.0000000034 -0.0000000014 -0.0000000001 -0.0000000000 -0.0000000000 -0.0000000000 -0.0000000007 -0.0000000000 -0.0000000000 -0.0000000000 -0.0000000000 -0.0000000000 -0.0000000000 -0.0000000001 -0.0000000000 -0.0000000000 -0.0000000000 -0.0000000000 -0.0000000001 -0.0000000009 -0.0000000000 -0.0000000000 -0.0000000000 -0.0000000000 -0.0000000004 -0.0000000023 -0.0000000001 -0.0000000000 -0.0000000000 -0.0000000000 -0.0000000011 -0.0000000004 -0.0000000000 -0.0000000000 -0.0000000000 -0.0000000000 -0.0000000002 -0.0000000000 -0.0000000000 -0.0000000000 -0.0000000000 -0.0000000000 -0.0000000000 -0.0000000000 -0.0000000000 -0.0000000000 -0.0000000000 -0.0000000000 -0.0000000000 -0.0000000003 -0.0000000000 -0.0000000000 -0.0000000000 -0.0000000000 -0.0000000001
 -0.0000041058 -0.0000002160 -0.0000000002 -0.0000000284 -0.0000000000 -0.0000017207 -0.0000008543 -0.0000000399 -0.0000000000 -0.0000000056 -0.0000000000 -0.0000003979 -0.0000000029 -0.0000000001 -0.0000000000 10.0000000000 -0.0000000000 -0.0000000014 -0.0000000640 -0.0000000031 -0.0000000000 -0.0000000004 -0.0000000000 -0.0000000293 -0.0000004862 -0.0000000248 -0.0000000000 -0.0000000033 -0.0000000000 -0.0000002099 -0.0000044856 -0.0000002178 -0.0000000002 -0.0000000301 -0.0000000000 -0.0000020233 -0.0000008709 -0.0000000393 -0.0000000000 -0.0000000057 -0.0000000000 -0.0000004164 -0.0000000029 -0.0000000001 -0.0000000000 -0.0000000000 -0.0000000000 -0.0000000014 -0.0000000661 -0.0000000030 -0.0000000000 -0.0000000004 -0.0000000000 -0.0000000313 -0.0000005215 -0.0000000249 -0.0000000000 -0.0000000035 -0.0000000000 -0.0000002389 -0.0000031344 -0.0000001449 -0.0000000001 -0.0000000206 -0.0000000000 -0.0000014706 -0.0000005838 -0.0000000258 -0.0000000000 -0.0000000038 -0.0000000000 -0.0000002837 -0.0000000019 -0.0000000001 -0.0000000000 -0.0000000000 -0.0000000000 -0.0000000009 -0.0000000447 -0.0000000020 -0.0000000000 -0.0000000003 -0.0000000000 -0.0000000216 -0.0000003606 -0.0000000165 -0.0000000000 -0.0000000024 -0.0000000000 -0.0000001707 -0.0000014282 -0.0000000640 -0.0000000001 -0.0000000093 -0.0000000000 -0.0000006859 -0.0000002591 -0.0000000113 -0.0000000000 -0.0000000017 -0.0000000000 -0.0000001272 -0.0000000008 -0.0000000000 -0.0000000000 -0.0000000000 -0.0000000000 -0.0000000004 -0.0000000199 -0.0000000009 -0.0000000000 -0.0000000001 -0.0000000000 -0.0000000097 -0.0000001632 -0.0000000073 -0.0000000000 -0.0000000011 -0.0000000000 -0.0000000788 -0.0000004287 -0.0000000188 -0.0000000000 -0.0000000028 -0.0000000000 -0.0000002089 -0.0000000765 -0.0000000033 -0.0000000000 -0.0000000005 -0.0000000000 -0.0000000378 -0.0000000002 -0.0000000000 -0.0000000000 -0.0000000000 -0.0000000000 -0.0000000001 -0.0000000059 -0.0000000003 -0.0000000000 -0.0000000000 -0.0000000000 -0.0000000029 -0.0000000488 -0.0000000021 -0.0000000000 -0.0000000003 -0.0000000000 -0.0000000239
 -0.0000000008 -0.0000000000 -0.0000000000 -0.0000000000 -0.0000000000 -0.0000000003 -0.0000000002 -0.0000000000 -0.0000000000 -0.0000000000 -0.0000000000 -0.0000000001 -0.0000000000 -0.0000000000 -0.0000000000 -0.0000000000 10.0000000000 -0.0000000000 -0.0000000000 -0.0000000000 -0.0000000000 -0.0000000000 -0.0000000000 -0.0000000000 -0.0000000001 -0.0000000000 -0.0000000000 -0.0000000000 -0.0000000000 -0.0000000000 -0.0000000009 -0.0000000000 -0.0000000000 -0.0000000000 -0.0000000000 -0.0000000004 -0.0000000002 -0.0000000000 -0.0000000000 -0.0000000000 -0.0000000000 -0.0000000001 -0.0000000000 -0.0000000000 -0.0000000000 -0.0000000000 -0.0000000000 -0.0000000000 -0.0000000000 -0.0000000000 -0.0000000000 -0.0000000000 -0.0000000000 -0.0000000000 -0.0000000001 -0.0000000000 -0.0000000000 -0.0000000000 -0.0000000000 -0.0000000000 -0.0000000007 -0.0000000000 -0.0000000000 -0.0000000000 -0.0000000000 -0.0000000003 -0.0000000001 -0.0000000000 -0.0000000000 -0.0000000000 -0.0000000000 -0.0000000001 -0.0000000000 -0.0000000000 -0.0000000000 -0.0000000000 -0.0000000000 -0.0000000000 -0.0000000000 -0.0000000000 -0.0000000000 -0.0000000000 -0.0000000000 -0.0000000000 -0.0000000001 -0.0000000000 -0.0000000000 -0.0000000000 -0.0000000000 -0.0000000000 -0.0000000003 -0.0000000000 -0.0000000000 -0.0000000000 -0.0000000000 -0.0000000001 -0.0000000001 -0.0000000000 -0.0000000000 -0.0000000000 -0.0000000000 -0.0000000000 -0.0000000000 -0.0000000000 -0.0000000000 -0.0000000000 -0.0000000000 -0.0000000000 -0.0000000000 -0.0000000000 -0.0000000000 -0.0000000000 -0.0000000000 -0.0000000000 -0.0000000000 -0.0000000000 -0.0000000000 -0.0000000000 -0.0000000000 -0.0000000000 -0.0000000001 -0.0000000000 -0.0000000000 -0.0000000000 -0.0000000000 -0.0000000000 -0.0000000000 -0.0000000000 -0.0000000000 -0.0000000000 -0.0000000000 -0.0000000000 -0.0000000000 -0.0000000000 -0.0000000000 -0.0000000000 -0.0000000000 -0.0000000000 -0.0000000000 -0.0000000000 -0.0000000000 -0.0000000000 -0.0000000000 -0.0000000000 -0.0000000000 -0.0000000000 -0.0000000000 -0.0000000000 -0.0000000000 -0.0000000000
 -0.0004077513 -0.0000173102 -0.0000000134 -0.0000026017 -0.0000000005 -0.0002034467 -0.0000706609 -0.0000029875 -0.0000000023 -0.0000004502 -0.0000000001 -0.0000353527 -0.0000002235 -0.0000000094 -0.0000000000 -0.0000000014 -0.0000000000 9.9999998880 -0.0000054838 -0.0000002320 -0.0000000002 -0.0000000349 -0.0000000000 -0.0000027421 -0.0000460942 -0.0000019549 -0.0000000015 -0.0000002940 -0.0000000001 -0.0000230135 -0.0003944647 -0.0000167019 -0.0000000129 -0.0000025145 -0.0000000005 -0.0001971649 -0.0000682071 -0.0000028797 -0.0000000022 -0.0000004344 -0.0000000001 -0.0000341563 -0.0000002155 -0.0000000091 -0.0000000000 -0.0000000014 -0.0000000000 -0.0000001080 -0.0000052958 -0.0000002237 -0.0000000002 -0.0000000337 -0.0000000000 -0.0000026510 -0.0000445689 -0.0000018858 -0.0000000015 -0.0000002840 -0.0000000001 -0.0000222868 -0.0002554366 -0.0000107956 -0.0000000083 -0.0000016272 -0.0000000003 -0.0001278301 -0.0000441000 -0.0000018601 -0.0000000014 -0.0000002807 -0.0000000001 -0.0000220982 -0.0000001392 -0.0000000059 -0.0000000000 -0.0000000009 -0.0000000000 -0.0000000698 -0.0000034251 -0.0000001445 -0.0000000001 -0.0000000218 -0.0000000000 -0.0000017158 -0.0000288503 -0.0000012187 -0.0000000009 -0.0000001838 -0.0000000000 -0.0000144422 -0.0001107672 -0.0000046754 -0.0000000036 -0.0000007053 -0.0000000001 -0.0000554788 -0.0000191031 -0.0000008052 -0.0000000006 -0.0000001216 -0.0000000000 -0.0000095767 -0.0000000603 -0.0000000025 -0.0000000000 -0.0000000004 -0.0000000000 -0.0000000302 -0.0000014840 -0.0000000626 -0.0000000000 -0.0000000094 -0.0000000000 -0.0000007438 -0.0000125075 -0.0000005278 -0.0000000004 -0.0000000796 -0.0000000000 -0.0000062658 -0.0000321755 -0.0000013569 -0.0000000010 -0.0000002048 -0.0000000000 -0.0000161248 -0.0000055450 -0.0000002336 -0.0000000002 -0.0000000353 -0.0000000000 -0.0000027806 -0.0000000175 -0.0000000007 -0.0000000000 -0.0000000001 -0.0000000000 -0.0000000088 -0.0000004308 -0.0000000182 -0.0000000000 -0.0000000027 -0.0000000000 -0.0000002160 -0.0000036325 -0.0000001532 -0.0000000001 -0.0000000231 -0.0000000000 -0.0000018207
 -0.0263488661 -0.0008709807 -0.0000005916 -0.0001549069 -0.0000000295 -0.0150922536 -0.0037190227 -0.0001349358 -0.0000000968 -0.0000225049 -0.0000000045 -0.0020359067 -0.0000103663 -0.0000004004 -0.0000000003 -0.0000000640 -0.0000000000 -0.0000054838 9.9996978986 -0.0000107266 -0.0000000076 -0.0000018156 -0.0000000004 -0.0001672214 -0.0028479315 -0.0000959917 -0.0000000660 -0.0000168420 -0.0000000032 -0.0016167078 -0.0224426352 -0.0007850344 -0.0000005516 -0.0001342461 -0.0000000262 -0.0125155582 -0.0033153894 -0.0001250654 -0.0000000916 -0.0000203172 -0.0000000041 -0.0017774306 -0.0000095404 -0.0000003775 -0.0000000003 -0.0000000594 -0.0000000000 -0.0000049765 -0.0002664284 -0.0000098807 -0.0000000072 -0.0000016237 -0.0000000003 -0.0001441699 -0.0024485116 -0.0000870509 -0.0000000617 -0.0000147212 -0.0000000029 -0.0013544350 -0.0131697460 -0.0004826053 -0.0000003480 -0.0000799485 -0.0000000159 -0.0071720200 -0.0020205656 -0.0000785384 -0.0000000584 -0.0000125060 -0.0000000025 -0.0010650483 -0.0000059596 -0.0000002400 -0.0000000002 -0.0000000373 -0.0000000000 -0.0000030755 -0.0001609746 -0.0000061762 -0.0000000046 -0.0000009920 -0.0000000002 -0.0000854850 -0.0014484064 -0.0000537702 -0.0000000390 -0.0000088297 -0.0000000018 -0.0007833292 -0.0053017003 -0.0002015471 -0.0000001481 -0.0000325724 -0.0000000066 -0.0028301215 -0.0008382710 -0.0000333224 -0.0000000250 -0.0000052278 -0.0000000011 -0.0004360479 -0.0000025188 -0.0000001028 -0.0000000001 -0.0000000158 -0.0000000000 -0.0000012895 -0.0000663368 -0.0000026116 -0.0000000020 -0.0000004123 -0.0000000001 -0.0000347061 -0.0005869149 -0.0000225364 -0.0000000166 -0.0000036178 -0.0000000007 -0.0003115397 -0.0014575938 -0.0000569880 -0.0000000425 -0.0000090393 -0.0000000018 -0.0007656948 -0.0002358596 -0.0000095314 -0.0000000072 -0.0000014792 -0.0000000003 -0.0001214654 -0.0000007184 -0.0000000296 -0.0000000000 -0.0000000045 -0.0000000000 -0.0000003657 -0.0000185707 -0.0000007452 -0.0000000006 -0.0000001162 -0.0000000000 -0.0000096052 -0.0001621924 -0.0000063891 -0.0000000048 -0.0000010084 -0.0000000002 -0.0000848263
