
 5.0494128810 0.0692876907 0.1910303176 0.1125292608 0.0193870253 -2.1135802830 -0.6170389309 0.0022299745 0.0193152534 0.0074793068 0.0007358108 -0.2784131967 0.0081167587 0.0017806259 -0.0000118713 0.0001229542 -0.0001054973 0.0014338323 -0.0461686440 0.0013377987 0.0016886628 0.0008335759 0.0000425116 -0.0217010914 -0.5241017111 0.0066135731 0.0194666374 0.0110448528 0.0017852659 -0.2271486133 -2.8403231554 0.2041316111 0.1832054662 0.1428257771 0.0211398060 -0.8061469549 -0.1528156690 0.0241181462 0.0180716582 0.0105382856 -0.0000470921 -0.0143011639 0.0158832640 0.0019310303 -0.0000594953 0.0001508871 -0.0002664223 0.0019534050 -0.0083979830 0.0031232954 0.0015650413 0.0011156641 -0.0000847643 -0.0020573714 -0.2642407481 0.0217298814 0.0185964805 0.0142405186 0.0017645724 -0.0711602876 -0.1983868004 0.1863035695 0.0702654398 0.0823435557 -0.0023221479 0.4226613596 0.2271472001 0.0192875775 0.0081195168 0.0054156494 -0.0029418688 0.1670574127 0.0154150149 0.0000142748 -0.0000967462 0.0000419752 -0.0004509398 -0.0020475024 0.0214330004 0.0017592521 0.0006265859 0.0005777536 -0.0004219429 0.0100060013 0.0246525869 0.0188475144 0.0073494529 0.0082201310 -0.0007979137 0.0629743967 0.6677329000 -0.0236103423 -0.0542984433 -0.0274329535 -0.0531250246 0.4763711614 0.1843006578 -0.0084858399 0.0011863365 -0.0033095051 -0.0075354138 0.1088096526 0.0062372172 -0.0027018963 -0.0000569595 -0.0001230105 -0.0005136633 -0.0077281240 0.0163994472 -0.0019661362 -0.0001257637 -0.0003452899 -0.0008734263 0.0036196040 0.0890042586 -0.0043707157 -0.0043584518 -0.0027016934 -0.0059627175 0.0562833208 -0.0576047060 -0.2228677146 -0.0901657481 -0.0831145459 -0.1016521479 -0.2125025089 -0.0679100966 -0.0200737108 0.0047115556 -0.0055911610 -0.0111283800 -0.0404174022 -0.0021605766 -0.0035794283 0.0000497543 -0.0001727479 -0.0003962577 -0.0091681528 -0.0052058096 -0.0037256531 0.0000345649 -0.0006679577 -0.0011633071 -0.0079730184 -0.0170975085 -0.0233938329 -0.0067770762 -0.0079329783 -0.0107020229 -0.0276960311
 0.0692876907 7.0558451780 -0.4341924577 -0.1791362320 0.0188773927 -0.6164415868 0.0589501834 -0.2585825518 -0.0310687378 -0.0152474760 0.0009968457 -0.0007025885 -0.0023325742 0.0012171850 0.0005776330 0.0002167074 -0.0000514374 -0.0008858598 0.0023712278 -0.0231224122 -0.0027742615 -0.0013028419 0.0000854299 -0.0023442005 0.0145663069 -0.2946166901 -0.0418495600 -0.0175790454 0.0017978352 -0.0528039151 -0.0356481440 -2.8557376957 -0.3435683423 -0.1111306631 0.0244023704 -0.5272186736 0.0381064467 -0.1888672728 -0.0052329026 -0.0020327227 0.0009582788 0.0281122202 -0.0046259962 0.0028495873 0.0010703956 0.0004261892 -0.0001311724 -0.0026061228 -0.0004044679 -0.0178326288 -0.0007108529 -0.0002094776 0.0000564421 -0.0013151883 0.0003630509 -0.2759184957 -0.0297029947 -0.0095006239 0.0022478076 -0.0416478533 0.1149305488 -1.2296589136 -0.0505612854 0.0269303764 0.0069677818 0.0525651262 0.0321926970 0.0003857092 0.0307635433 0.0148521772 -0.0009925170 0.0772142387 -0.0055641301 0.0039090719 0.0012412828 0.0005155841 -0.0002244856 -0.0044716116 -0.0008153932 -0.0013400409 0.0023634716 0.0012389989 -0.0001588575 0.0022601757 0.0114652634 -0.1059579428 0.0012017558 0.0050581297 0.0003884280 0.0148265688 0.1301160211 0.3351660044 0.1310416286 0.0592119645 -0.0423522652 0.3323299928 0.0054622217 0.0851583223 0.0280685835 0.0096164152 -0.0054279950 0.0471013964 -0.0044670782 0.0029873545 0.0007928092 0.0003345605 -0.0002601372 -0.0053150711 -0.0017425451 0.0077160634 0.0024904054 0.0009266560 -0.0005823996 0.0008481729 0.0091478318 0.0415507812 0.0159766469 0.0068197018 -0.0046095408 0.0333971415 -0.1743121272 0.5327578920 0.0491678916 -0.0487077489 -0.0977008932 -0.0611764402 -0.0455682559 -0.0217648617 -0.0164320733 -0.0165323947 -0.0100642205 -0.0640374416 -0.0025494629 0.0006688155 0.0000524791 0.0000090254 -0.0002069681 -0.0045946286 -0.0045893103 0.0007152688 -0.0007766839 -0.0011067935 -0.0009881483 -0.0064479976 -0.0238977856 0.0405445443 0.0013176828 -0.0068670850 -0.0101204424 -0.0180884777
 0.1910303176 -0.4341924577 9.1312406108 -0.1825981848 0.0171938170 -0.3432440752 0.0084571834 -0.0587374883 -0.0922969805 -0.0232351701 0.0010926574 -0.0337767291 0.0033203317 0.0017956471 -0.0000729938 0.0000855826 -0.0000107991 0.0018639269 0.0028688339 -0.0037620232 -0.0080112543 -0.0018590960 0.0001078231 -0.0019802318 0.0195287701 -0.0450194796 -0.0893564536 -0.0191638707 0.0016835720 -0.0333645345 0.1658778287 -0.2277082427 -0.9867117005 -0.1513834850 0.0237630820 -0.2754641885 -0.0019750627 -0.0434448386 -0.1124989900 -0.0240714234 0.0014617049 -0.0224522560 0.0060691462 0.0034349973 -0.0000797331 0.0001790743 -0.0000287225 0.0033978688 0.0036911920 -0.0013624070 -0.0095443935 -0.0017663129 0.0001386782 -0.0002675437 0.0168031304 -0.0238814435 -0.1027692580 -0.0165169415 0.0023182718 -0.0248855174 0.0626143691 0.0678154614 -0.7078625916 -0.0335411295 0.0134498171 -0.0622383347 -0.0085615854 -0.0154360472 -0.0926077887 -0.0148589125 0.0004250967 0.0084246849 0.0077047183 0.0044065960 -0.0000785870 0.0002359753 -0.0000512803 0.0042381801 0.0039016937 0.0016881728 -0.0075528149 -0.0008465950 0.0000352529 0.0026474942 0.0073864426 0.0062021491 -0.0757420646 -0.0049376064 0.0012628317 -0.0013799064 -0.0416421442 0.1371639952 -0.2393683343 0.0640605725 -0.0201911281 0.0780127437 -0.0065125110 -0.0092387750 -0.0469775031 -0.0047244726 -0.0026918714 0.0267745749 0.0067711941 0.0038042402 -0.0000740529 0.0001994594 -0.0000631203 0.0035962087 0.0032053684 0.0019336958 -0.0034927296 0.0000174085 -0.0002529259 0.0037942596 -0.0017869912 0.0124006046 -0.0283038279 0.0049527426 -0.0021373265 0.0129978894 -0.0779670370 0.0059819110 0.0901184197 0.0608615485 -0.0588096647 0.0481614640 -0.0008585490 -0.0234407104 -0.0083446014 -0.0025285804 -0.0062851993 0.0174032684 0.0041383622 0.0021810074 -0.0000602447 0.0001011474 -0.0000553597 0.0020643716 0.0019860934 -0.0001697302 -0.0002494853 0.0000839558 -0.0005732056 0.0023128988 -0.0051415754 -0.0022411386 0.0061519726 0.0049211466 -0.0060367295 0.0079720099
 0.1125292608 -0.1791362320 -0.1825981848 9.3589087167 -0.1271164992 -0.2523639254 0.0081825462 -0.0196033708 -0.0172271990 -0.0444156674 -0.0078567960 0.0007562033 -0.0000031095 0.0002254303 0.0000174834 -0.0000332945 -0.0000520637 -0.0004712837 0.0007997833 -0.0015582589 -0.0015386416 -0.0044769438 -0.0008540137 -0.0009419429 0.0111550552 -0.0182599281 -0.0183954113 -0.0632274429 -0.0124705394 -0.0219136451 0.1072735258 -0.0992376747 -0.1856208060 -0.8993653390 -0.1674872505 -0.2933736248 0.0008981400 -0.0096903804 -0.0171614976 -0.0616740229 -0.0097410261 0.0119153526 0.0000651371 0.0005248617 0.0000482179 -0.0000334236 -0.0001178964 -0.0013200208 0.0003930598 -0.0005781829 -0.0015260943 -0.0062346927 -0.0011140003 -0.0008588864 0.0094569818 -0.0096527926 -0.0186295729 -0.0886331375 -0.0164014025 -0.0241126087 0.0715985761 0.0395119258 -0.0885418073 -0.7774071652 -0.1255983736 -0.1494261067 -0.0078087971 0.0024843294 -0.0088179678 -0.0508325775 -0.0055556764 0.0303239901 0.0002767609 0.0007491845 0.0000597391 -0.0000053531 -0.0001831892 -0.0023398530 -0.0001069924 0.0006676031 -0.0007432989 -0.0052241598 -0.0007786980 0.0000951455 0.0049607878 0.0042285597 -0.0089873473 -0.0764135410 -0.0121913280 -0.0092136941 0.0000897561 0.0736775193 0.0393235212 -0.2815352301 -0.0291250801 0.0450893768 -0.0155163631 -0.0051665072 -0.0000248117 -0.0116945210 0.0022910988 0.0351500979 0.0004605370 0.0006373822 0.0000205977 0.0000372458 -0.0001930762 -0.0027556987 -0.0006683996 0.0002584044 0.0001286657 -0.0014571517 -0.0000415626 0.0007215666 -0.0023956353 0.0057207879 0.0033158240 -0.0271645804 -0.0025868881 0.0081156150 -0.0644225812 -0.0176833429 0.1003852419 0.2032973149 0.0316264639 0.1058633588 -0.0178484730 -0.0287395040 0.0016368405 0.0258745241 0.0064765410 0.0189415402 0.0004354636 0.0002448733 -0.0000463288 0.0000601771 -0.0001373195 -0.0021940726 -0.0010068841 -0.0016078231 0.0003695092 0.0021736660 0.0004093866 0.0002477945 -0.0082996627 -0.0062151508 0.0087424825 0.0209054532 0.0034194130 0.0109237619
 0.0193870253 0.0188773927 0.0171938170 -0.1271164992 9.9534543270 -0.0303382256 0.0017591678 0.0019940972 0.0018985055 -0.0069281792 -0.0033208877 0.0020974862 -0.0001536415 -0.0000602225 -0.0000028484 -0.0000115082 -0.0000132555 -0.0001858192 0.0000742878 0.0001391500 0.0001603184 -0.0007764612 -0.0003366719 -0.0000616629 0.0019052784 0.0019081633 0.0017775256 -0.0123523662 -0.0046060834 -0.0024787961 0.0185894461 0.0238146396 0.0264461501 -0.1676072143 -0.0858271330 -0.0451309685 0.0008804344 0.0026173670 0.0029242276 -0.0081013434 -0.0067021224 0.0026562899 -0.0002495389 -0.0000899607 -0.0000047601 -0.0000131725 -0.0000319027 -0.0004172311 -0.0000328537 0.0001732393 0.0002466388 -0.0009599516 -0.0006600087 -0.0001939382 0.0016426796 0.0024210427 0.0027335926 -0.0161826558 -0.0085516682 -0.0038259245 0.0115763178 0.0167228169 0.0309825171 -0.1313647046 -0.1224742672 -0.0339656903 -0.0007806176 0.0015756410 0.0032053884 -0.0041549886 -0.0105152411 0.0028046801 -0.0002534130 -0.0000836663 -0.0000064390 -0.0000054961 -0.0000538045 -0.0006378491 -0.0001536130 0.0000937990 0.0002756179 -0.0006163867 -0.0010042523 -0.0002699407 0.0007576986 0.0016518270 0.0031642173 -0.0124657786 -0.0122944270 -0.0029365812 -0.0006539190 -0.0020934078 0.0271863694 -0.0377677615 -0.1310409838 0.0003509332 -0.0025571349 -0.0015161199 0.0022237804 0.0028227477 -0.0121194415 0.0023823381 -0.0001526837 -0.0000475710 -0.0000094855 0.0000070982 -0.0000620835 -0.0006689539 -0.0002386848 -0.0001237015 0.0002052926 0.0000718860 -0.0011300131 -0.0002119957 -0.0005433174 -0.0004446007 0.0026760748 -0.0031929576 -0.0132312992 -0.0000095715 -0.0096315531 -0.0191208633 0.0168418421 0.0420044976 -0.0953053279 0.0378511890 -0.0031565994 -0.0046603040 0.0005182639 0.0077422216 -0.0092700346 0.0025731389 -0.0000423915 -0.0000209130 -0.0000135682 0.0000146935 -0.0000474640 -0.0004796445 -0.0002391862 -0.0003433710 0.0000726043 0.0005945319 -0.0008511193 0.0000086175 -0.0013639567 -0.0024057577 0.0015111869 0.0046021386 -0.0096561722 0.0033861129
 -2.1135802830 -0.6164415868 -0.3432440752 -0.2523639254 -0.0303382256 7.4554723971 -0.2791935301 -0.0359732252 -0.0307357266 -0.0180341371 -0.0012300090 -0.3310827395 0.0068724081 0.0030442221 0.0002710116 0.0002462794 0.0001150414 0.0049003098 -0.0187188691 -0.0022462544 -0.0026587817 -0.0016533160 -0.0000976534 -0.0241283744 -0.2259799040 -0.0568973451 -0.0342208927 -0.0247236262 -0.0028306262 -0.2723483837 -0.5107143586 -0.3950704499 -0.3162869557 -0.2411678050 -0.0316809905 -1.7478146177 0.0200909117 0.0086325698 -0.0237127976 -0.0118167646 -0.0000791615 -0.1687711471 0.0136263747 0.0049076434 0.0004919188 0.0004310706 0.0002913840 0.0118146034 0.0072628412 0.0020634188 -0.0020398417 -0.0011467922 0.0000611097 -0.0084487373 -0.0357146257 -0.0298371992 -0.0307080258 -0.0228212257 -0.0027220955 -0.1745225938 0.5629133343 0.0279512042 -0.1091086537 -0.0856062867 0.0007729952 -0.6571724888 0.1707501895 0.0470797427 -0.0018488553 0.0035534250 0.0037659924 -0.0103700526 0.0147310084 0.0048689959 0.0005645196 0.0004664423 0.0004937446 0.0165432927 0.0198537016 0.0055638289 -0.0001032635 0.0002345348 0.0004899802 0.0066528884 0.0823823456 0.0124354984 -0.0094602389 -0.0070113907 0.0007757416 -0.0529179997 0.3819887237 0.1956114766 0.0999885573 0.0751839276 0.0593382104 -0.0138111604 0.0738103369 0.0224123452 0.0126033064 0.0125582907 0.0088291330 0.0354874653 0.0090347346 0.0025794582 0.0003809621 0.0002891418 0.0005617651 0.0151576469 0.0104881554 0.0033615153 0.0012581710 0.0011340544 0.0009940301 0.0104604449 0.0489342635 0.0215097719 0.0106355200 0.0082612379 0.0067046118 0.0094964943 -0.2546180760 0.0114501611 0.1497683554 0.0962778155 0.1037337302 0.0980243404 -0.0745200560 -0.0430651495 0.0073032496 0.0062115415 0.0115704865 0.0011922439 0.0024662457 0.0000831681 0.0000893692 0.0000532436 0.0004311051 0.0092806123 -0.0037175338 -0.0024024613 0.0009287047 0.0006863388 0.0012138899 0.0055191679 -0.0327149922 -0.0061756914 0.0138837452 0.0090989932 0.0109694722 0.0115467926
 -0.6170389309 0.0589501834 0.0084571834 0.0081825462 0.0017591678 -0.2791935301 8.1964045122 -0.0979102582 0.0122456909 -0.0088350491 0.0016559622 -0.8357819863 -0.0537487144 -0.0046554069 0.0010223712 -0.0001720777 0.0003266392 -0.0167242859 -0.1375920546 -0.0081604520 0.0013332056 -0.0005849361 0.0002767914 -0.0591839089 -0.3694151162 -0.0121907321 0.0031031418 -0.0007738738 0.0005436596 -0.1676745736 -0.1032156067 0.0916668615 0.0071617869 0.0098412285 0.0010787387 0.0096957580 -1.8049046861 -0.0653153760 0.0194092233 -0.0055863863 0.0038681582 -0.7066489748 -0.0658443594 -0.0024753692 0.0016837302 0.0000603736 0.0008151705 -0.0097105250 -0.1430822483 -0.0049982107 0.0021292953 -0.0002607915 0.0006655727 -0.0469923907 -0.3280935602 -0.0028229051 0.0044093910 0.0000241336 0.0010263934 -0.1182274586 0.2262676417 0.0459307940 0.0003340787 -0.0004908052 -0.0036696935 0.1615850495 -1.1511028579 0.0308265737 0.0197073669 0.0012192771 0.0059634507 -0.2755358012 -0.0474798310 0.0054716671 0.0018820397 0.0005695255 0.0013639017 0.0123723473 -0.0937804780 0.0048060217 0.0022378389 0.0003847425 0.0010676157 -0.0091565037 -0.1840081343 0.0121094343 0.0039409692 0.0004578549 0.0011646921 -0.0255789201 0.1571904191 -0.0449964923 -0.0070202469 -0.0132525201 -0.0126529996 0.0686376939 -0.2957524571 0.1117469890 0.0108053945 0.0059019326 0.0058029093 0.1468295863 -0.0111385218 0.0134400570 0.0014248096 0.0009769646 0.0015293332 0.0329530823 -0.0237222137 0.0136082663 0.0014284905 0.0008400302 0.0011198766 0.0266834287 -0.0357068898 0.0202806008 0.0016659393 0.0002589485 0.0004360343 0.0434745242 -0.0488893780 -0.0971070793 -0.0097331461 -0.0137543694 -0.0206106471 -0.0896992648 0.1820889631 0.1086685065 -0.0005310245 0.0051972946 0.0031497588 0.2812344570 0.0120851605 0.0141869367 0.0007154832 0.0009178577 0.0011485346 0.0341125884 0.0167054345 0.0136927108 0.0003481928 0.0007617570 0.0007370119 0.0348047932 0.0327841943 0.0151538698 -0.0007062874 0.0000346283 -0.0008096230 0.0520175071
 0.0022299745 -0.2585825518 -0.0587374883 -0.0196033708 0.0019940972 -0.0359732252 -0.0979102582 9.6250878386 -0.0839186729 -0.0414324088 0.0009121313 -0.1357517411 -0.0306006868 -0.0326100959 -0.0063952924 -0.0034807040 0.0001742856 -0.0210458013 -0.0226620653 -0.0410225581 -0.0087795252 -0.0044663958 0.0001521466 -0.0198695670 -0.0254415027 -0.0946376247 -0.0210528784 -0.0096617020 0.0003855945 -0.0320034212 0.0177205422 -0.2527357102 -0.0666216769 -0.0161597693 0.0020709292 -0.0192484954 -0.1448964161 -0.5938154918 -0.1320108950 -0.0652683645 0.0021464029 -0.1928681899 -0.0512354523 -0.0543286977 -0.0102453454 -0.0056826893 0.0004416488 -0.0318566640 -0.0368120315 -0.0660127316 -0.0138394227 -0.0071043791 0.0003675017 -0.0292667593 -0.0384708253 -0.1376762681 -0.0310293769 -0.0140610501 0.0006899512 -0.0434592604 0.0466091683 -0.1070326357 -0.0365910787 -0.0026134136 -0.0024962624 0.0331134687 -0.1082777057 -0.6234079243 -0.1365128473 -0.0679483048 0.0031900169 -0.1427379490 -0.0562047176 -0.0601132266 -0.0109663488 -0.0061796761 0.0007460030 -0.0294517424 -0.0374053596 -0.0705979050 -0.0144297619 -0.0075051143 0.0005780035 -0.0249189612 -0.0314806154 -0.1322291293 -0.0294925200 -0.0135334756 0.0005751166 -0.0298270436 0.0238165231 0.0678619327 0.0128405785 0.0068640332 -0.0142624137 0.0464240838 -0.0099093644 -0.4069920358 -0.0863140795 -0.0440898949 0.0026304584 -0.0117207873 -0.0393303098 -0.0433256155 -0.0077720055 -0.0044113536 0.0008410764 -0.0142144459 -0.0224597918 -0.0480603363 -0.0095038630 -0.0050783591 0.0005616296 -0.0087558219 -0.0116287974 -0.0758902504 -0.0158609192 -0.0081779509 -0.0004959869 -0.0019558843 -0.0465926230 0.1421692967 0.0423825332 0.0037213948 -0.0276801853 -0.0044985691 0.0569538989 -0.1269699672 -0.0232664601 -0.0139157216 0.0004653862 0.0818257994 -0.0163285041 -0.0193408699 -0.0035461905 -0.0019867968 0.0006329622 -0.0003237264 -0.0060418906 -0.0180252479 -0.0032907779 -0.0019451175 0.0002841412 0.0043540713 0.0008052874 -0.0150529995 -0.0014055505 -0.0026125788 -0.0020779485 0.0136866752
 0.0193152534 -0.0310687378 -0.0922969805 -0.0172271990 0.0018985055 -0.0307357266 0.0122456909 -0.0839186729 9.9419447787 -0.0196398019 0.0002992725 -0.0394442347 0.0042959275 -0.0049545218 -0.0039645327 -0.0013404759 0.0000419404 -0.0008647954 0.0031260696 -0.0079690240 -0.0059640231 -0.0019815825 0.0000452666 -0.0030078290 0.0051883443 -0.0181035654 -0.0188533809 -0.0051598357 0.0002304098 -0.0093642948 0.0163882410 -0.0159084090 -0.1174060711 -0.0159163966 0.0023023617 -0.0277945988 0.0233164074 -0.1281251247 -0.0943243732 -0.0313214298 0.0006214468 -0.0521001294 0.0084348476 -0.0067272314 -0.0063609997 -0.0020863878 0.0001082831 0.0005127001 0.0060310694 -0.0116328883 -0.0095459265 -0.0030977706 0.0001006597 -0.0030598748 0.0081882933 -0.0247211397 -0.0278581122 -0.0072405166 0.0003430846 -0.0107324235 0.0058169094 0.0081648057 -0.0919599038 -0.0035578174 -0.0000818591 -0.0063340718 0.0330150495 -0.1290113956 -0.1039650837 -0.0336598610 0.0007716655 -0.0371719982 0.0114687634 -0.0052991910 -0.0068473195 -0.0021440049 0.0001848790 0.0036349705 0.0082223731 -0.0108652241 -0.0103145962 -0.0032350204 0.0001433706 -0.0004213002 0.0099124921 -0.0223721200 -0.0274942904 -0.0066081743 0.0001907754 -0.0053942472 -0.0086711991 0.0218536281 -0.0258351640 0.0101724766 -0.0063668095 0.0128346924 0.0317756609 -0.0802278114 -0.0757204599 -0.0238360790 0.0003346039 -0.0046514877 0.0108463874 -0.0016410644 -0.0049326684 -0.0014314016 0.0002095094 0.0060527674 0.0077544465 -0.0058546005 -0.0073582438 -0.0022070941 0.0001124991 0.0029269692 0.0082353705 -0.0119249184 -0.0165343131 -0.0035765460 -0.0004115386 0.0024161166 -0.0200552847 0.0215262744 0.0299244278 0.0119304951 -0.0133100489 0.0108400748 0.0198271854 -0.0228445713 -0.0338224003 -0.0106182439 -0.0005417980 0.0163646766 0.0071770183 0.0009573629 -0.0023585524 -0.0005955215 0.0001576561 0.0055565280 0.0050057203 -0.0009188583 -0.0032537071 -0.0009411701 0.0000130490 0.0039573259 0.0040185611 -0.0015706425 -0.0039295904 -0.0009460363 -0.0011692423 0.0055454928
 0.0074793068 -0.0152474760 -0.0232351701 -0.0444156674 -0.0069281792 -0.0180341371 -0.0088350491 -0.0414324088 -0.0196398019 9.9896219276 -0.0003625749 -0.0203358007 -0.0005133502 -0.0029589463 -0.0014185829 -0.0005488013 0.0000182610 -0.0013623068 -0.0007891949 -0.0041838764 -0.0020386176 -0.0010545133 -0.0000315409 -0.0020419634 -0.0009371625 -0.0091069630 -0.0057192697 -0.0057457078 -0.0006595894 -0.0053378228 0.0103090986 -0.0089622346 -0.0290232755 -0.0679463703 -0.0094207106 -0.0212342198 -0.0082271833 -0.0640246648 -0.0318166521 -0.0168428939 -0.0003694240 -0.0257017375 -0.0003915557 -0.0044646092 -0.0022745071 -0.0008657442 0.0000476302 -0.0015145574 -0.0006875972 -0.0063693654 -0.0032630078 -0.0016857408 -0.0000234370 -0.0024782642 -0.0005280663 -0.0128169506 -0.0085325731 -0.0089494155 -0.0008694368 -0.0065424663 0.0091578834 0.0037601864 -0.0193374004 -0.0660502501 -0.0076820323 -0.0111984084 -0.0013616066 -0.0655473871 -0.0345911986 -0.0180517388 -0.0000365574 -0.0168688629 0.0003229888 -0.0042825116 -0.0024443513 -0.0009034613 0.0000820019 -0.0004802776 0.0000952604 -0.0063365859 -0.0034945223 -0.0017741444 0.0000195933 -0.0013697830 0.0007608776 -0.0119397110 -0.0082376295 -0.0089914306 -0.0006544238 -0.0038692475 0.0002649334 0.0116764228 0.0026607563 -0.0299239203 -0.0030690463 0.0040009733 0.0061972149 -0.0420958697 -0.0243820185 -0.0115780249 0.0004016397 0.0005019808 0.0011397207 -0.0024146164 -0.0017547346 -0.0006122017 0.0000937877 0.0010045625 0.0009574923 -0.0038787906 -0.0024331895 -0.0011218464 0.0000651313 0.0005288498 0.0015165858 -0.0067638113 -0.0044396083 -0.0047137633 -0.0001810989 0.0008024535 -0.0105919901 0.0098175465 0.0192586688 0.0142362216 -0.0002930712 0.0101737543 0.0079490279 -0.0137454112 -0.0100146309 -0.0025216926 0.0005061951 0.0111759726 0.0013188234 -0.0005569646 -0.0008328923 -0.0002555895 0.0000714746 0.0015751487 0.0011317706 -0.0011499171 -0.0010106573 -0.0002555293 0.0000674800 0.0015148616 0.0009139358 -0.0015986075 -0.0003210227 0.0006903800 0.0000677510 0.0032760630
 0.0007358108 0.0009968457 0.0010926574 -0.0078567960 -0.0033208877 -0.0012300090 0.0016559622 0.0009121313 0.0002992725 -0.0003625749 9.9993972812 -0.0016002305 0.0001307787 0.0000772559 0.0000110782 0.0000067458 -0.0000746836 -0.0009399230 0.0001701779 0.0000990613 0.0000271125 -0.0000400283 -0.0000849502 -0.0005887341 0.0003839726 0.0002628100 0.0001466962 -0.0007478742 -0.0004129868 -0.0007079036 0.0008246051 0.0013391857 0.0018002226 -0.0110375482 -0.0069225242 -0.0018107099 0.0031151875 0.0018335267 0.0005455013 -0.0004356573 -0.0014701834 -0.0050943783 0.0002719149 0.0001591970 0.0000188161 0.0000131297 -0.0001867132 -0.0023890780 0.0003326192 0.0001988892 0.0000480321 -0.0000498784 -0.0002063736 -0.0015541250 0.0006827259 0.0004742629 0.0002507703 -0.0010379858 -0.0009019568 -0.0018463485 0.0005114873 0.0008548468 0.0023106945 -0.0099348475 -0.0110699002 -0.0013525741 0.0041413140 0.0026154603 0.0007368883 -0.0002437625 -0.0025423426 -0.0097156833 0.0003940982 0.0002324345 0.0000222653 0.0000181503 -0.0003131057 -0.0040441980 0.0004580322 0.0002828216 0.0000626654 -0.0000326525 -0.0003493005 -0.0026912852 0.0008694289 0.0005903371 0.0003276202 -0.0009099258 -0.0014697370 -0.0031460967 -0.0003997382 -0.0004317930 0.0023561623 -0.0044417229 -0.0126585480 0.0008820044 0.0038633981 0.0027141229 0.0007600459 0.0001859433 -0.0030352655 -0.0116991349 0.0004001800 0.0002423556 0.0000188931 0.0000182751 -0.0003521240 -0.0045674202 0.0004419886 0.0002894348 0.0000621629 0.0000084842 -0.0004041627 -0.0030761722 0.0007486054 0.0005028385 0.0003345417 -0.0003616178 -0.0016874881 -0.0034516114 -0.0012146224 -0.0014036804 0.0019032192 0.0019503679 -0.0091810958 0.0047322998 0.0025492941 0.0021286671 0.0006178884 0.0006252288 -0.0024219685 -0.0089275266 0.0002860451 0.0001814594 0.0000120595 0.0000138420 -0.0002655016 -0.0034443810 0.0003003413 0.0002185863 0.0000485701 0.0000503500 -0.0003119201 -0.0023147471 0.0004214951 0.0003025055 0.0002700927 0.0002633998 -0.0012494275 -0.0022558480
 -0.2784131967 -0.0007025885 -0.0337767291 0.0007562033 0.0020974862 -0.3310827395 -0.8357819863 -0.1357517411 -0.0394442347 -0.0203358007 -0.0016002305 9.3851854483 -0.0142453466 -0.0083013458 -0.0030281686 -0.0013126891 -0.0003801949 -0.0193371000 -0.0577817956 -0.0127255362 -0.0041604488 -0.0019457710 -0.0002910966 -0.0478200728 -0.1668512835 -0.0248418217 -0.0104303453 -0.0037097468 -0.0002162537 -0.1366866524 0.0780776802 0.0258785035 -0.0356011275 0.0141043489 0.0054420722 -0.1870104977 -0.7019367379 -0.1655183785 -0.0609561234 -0.0262727098 -0.0038234153 -0.6819012236 -0.0099494815 -0.0101724601 -0.0048030974 -0.0018851750 -0.0009463677 -0.0312732694 -0.0466197097 -0.0155607704 -0.0064522212 -0.0025903048 -0.0007142568 -0.0580197168 -0.1115786173 -0.0278507837 -0.0147664991 -0.0037310381 -0.0004983550 -0.1391117110 0.2154164041 0.0306847182 -0.0121403735 0.0281823102 0.0133259649 -0.0704719619 -0.3123960442 -0.1106804670 -0.0609883656 -0.0213203078 -0.0057515011 -0.5883821828 0.0043896902 -0.0055489113 -0.0050624707 -0.0016777238 -0.0015802054 -0.0377148879 -0.0155666025 -0.0098649816 -0.0065369082 -0.0021508216 -0.0011425394 -0.0558195134 -0.0295575311 -0.0166779657 -0.0128760556 -0.0016364140 -0.0003759903 -0.1156129934 0.0770949804 0.0162086566 0.0241410725 0.0280664391 0.0269683593 -0.0044553757 0.0688709018 0.0001337469 -0.0353787236 -0.0079663819 -0.0049488852 -0.3671152783 0.0183226072 0.0026323149 -0.0034954807 -0.0007879671 -0.0017684432 -0.0326040270 0.0140269572 0.0011242377 -0.0040275597 -0.0008661618 -0.0011550963 -0.0398276945 0.0265548567 0.0031232927 -0.0050021901 0.0008645728 0.0008357797 -0.0716360323 -0.0893048852 0.0076999530 0.0447649806 0.0104900831 0.0397969795 0.0453609524 0.2132402402 0.0770930533 -0.0052892499 0.0026856340 -0.0014205851 -0.1435930259 0.0203901340 0.0070018451 -0.0015146885 -0.0000139397 -0.0013248846 -0.0195752843 0.0231987710 0.0081288369 -0.0010615038 0.0001523781 -0.0006725129 -0.0193109458 0.0362959481 0.0164193454 0.0024397326 0.0013912366 0.0026508122 -0.0261315348
 0.0081167587 -0.0023325742 0.0033203317 -0.0000031095 -0.0001536415 0.0068724081 -0.0537487144 -0.0306006868 0.0042959275 -0.0005133502 0.0001307787 -0.0142453466 9.9559601707 -0.0116941533 0.0001887810 -0.0006938097 0.0000306270 -0.0202335262 -0.0271163570 -0.0081345633 0.0003735721 -0.0004037451 0.0000236027 -0.0118174701 -0.0234387558 -0.0093800610 0.0010613188 -0.0003291527 0.0000190276 -0.0087882323 0.0086936794 -0.0006166002 0.0045885414 -0.0002678105 -0.0001988449 0.0066146437 -0.0981241162 -0.0486559051 0.0075389742 -0.0006794882 0.0003343026 -0.0266743615 -0.0765232467 -0.0205384477 0.0002955711 -0.0012248096 0.0000765753 -0.0348382244 -0.0473868691 -0.0139776354 0.0006309937 -0.0007005674 0.0000599628 -0.0204807496 -0.0418078907 -0.0152694230 0.0017493347 -0.0005601675 0.0000651717 -0.0158434143 0.0181772922 0.0051758019 0.0031537784 -0.0006790386 -0.0000086278 0.0070668925 -0.0908125478 -0.0459117187 0.0092621752 -0.0000333969 0.0005748106 -0.0171688517 -0.0897231768 -0.0243312490 0.0003136002 -0.0014568923 0.0001283454 -0.0402408304 -0.0540946875 -0.0158541286 0.0007385472 -0.0007894029 0.0001022679 -0.0228517620 -0.0440738397 -0.0155556869 0.0019271267 -0.0005610188 0.0001404168 -0.0159573064 0.0192806582 0.0065085292 -0.0004633609 -0.0009291436 0.0005768235 0.0026569178 -0.0293013949 -0.0210318242 0.0081970002 0.0011871564 0.0006776339 0.0107626074 -0.0709947292 -0.0194020942 0.0002304608 -0.0011644910 0.0001442158 -0.0311081369 -0.0402818093 -0.0117234224 0.0006156677 -0.0005613494 0.0001184440 -0.0162613341 -0.0271422795 -0.0095324047 0.0014190739 -0.0002725122 0.0002149404 -0.0084508754 0.0000808727 -0.0003322172 -0.0026992351 -0.0004895721 0.0013065175 -0.0072087989 0.0221298057 0.0026523188 0.0055332995 0.0019074320 0.0005637392 0.0278024398 -0.0378736086 -0.0103663095 0.0001235921 -0.0006213774 0.0001086630 -0.0160106585 -0.0193023894 -0.0054625526 0.0003888900 -0.0002250779 0.0000948571 -0.0070892058 -0.0088942685 -0.0030475246 0.0007488188 0.0000721493 0.0002476590 -0.0012782537
 0.0017806259 0.0012171850 0.0017956471 0.0002254303 -0.0000602225 0.0030442221 -0.0046554069 -0.0326100959 -0.0049545218 -0.0029589463 0.0000772559 -0.0083013458 -0.0116941533 9.9921400686 -0.0007762943 -0.0006398535 0.0000178355 -0.0069761413 -0.0066032025 -0.0062226727 -0.0007322461 -0.0005296123 0.0000138565 -0.0042857158 -0.0046698109 -0.0080301672 -0.0009265143 -0.0006907239 0.0000137489 -0.0035279045 0.0006045644 0.0030528947 0.0025371521 0.0002328845 -0.0001027741 0.0030586369 -0.0147162297 -0.0539247987 -0.0070043903 -0.0045821548 0.0002013856 -0.0149445747 -0.0210763862 -0.0139811874 -0.0012450842 -0.0011005361 0.0000454069 -0.0122038807 -0.0122781977 -0.0108176872 -0.0011200576 -0.0008804453 0.0000357288 -0.0075224623 -0.0096384458 -0.0135017542 -0.0013540592 -0.0011142918 0.0000402665 -0.0064051162 0.0039073843 0.0055980304 0.0017342928 -0.0000253429 -0.0001755891 0.0034815784 -0.0150921895 -0.0572529319 -0.0057553164 -0.0043734096 0.0003409403 -0.0115174919 -0.0257840510 -0.0169904646 -0.0013362874 -0.0012874885 0.0000769620 -0.0144063676 -0.0148363190 -0.0126413358 -0.0011016046 -0.0009713503 0.0000605583 -0.0085114788 -0.0109637186 -0.0148309412 -0.0012362357 -0.0011607379 0.0000682832 -0.0065093815 0.0049988898 0.0065787874 -0.0001393559 -0.0003206191 -0.0003163332 0.0017705926 -0.0032891491 -0.0362091614 -0.0015341262 -0.0021083721 0.0003734316 0.0014130493 -0.0215077005 -0.0141654879 -0.0009533362 -0.0010272109 0.0000870569 -0.0115072860 -0.0118181915 -0.0098435252 -0.0006393604 -0.0006933088 0.0000674528 -0.0061682596 -0.0073785226 -0.0102406466 -0.0005597133 -0.0007169176 0.0000654439 -0.0034720792 -0.0015781326 0.0060613107 -0.0007249202 -0.0000494652 -0.0004724930 -0.0019343794 0.0070299486 -0.0088591960 0.0022962730 0.0003419697 0.0002580400 0.0112379039 -0.0122962469 -0.0081334550 -0.0004417651 -0.0005589896 0.0000658118 -0.0062368926 -0.0062401441 -0.0049346051 -0.0001224425 -0.0002885369 0.0000488816 -0.0027287886 -0.0030641186 -0.0036592049 0.0001977106 -0.0001266889 0.0000258701 -0.0003459115
 -0.0000118713 0.0005776330 -0.0000729938 0.0000174834 -0.0000028484 0.0002710116 0.0010223712 -0.0063952924 -0.0039645327 -0.0014185829 0.0000110782 -0.0030281686 0.0001887810 -0.0007762943 9.9995471184 -0.0001643649 0.0000027592 -0.0003297881 0.0001636277 -0.0008265204 -0.0004946058 -0.0001784115 0.0000020959 -0.0003727869 0.0002282060 -0.0012733430 -0.0008158089 -0.0002890979 0.0000025462 -0.0005910759 -0.0002387606 0.0008289047 -0.0000801842 0.0000421012 -0.0000175491 0.0004334403 0.0017835923 -0.0093700711 -0.0061870296 -0.0021818543 0.0000306108 -0.0039638136 0.0003724491 -0.0011761514 -0.0007205822 -0.0002584367 0.0000073264 -0.0004157577 0.0003084583 -0.0012359836 -0.0007798542 -0.0002777579 0.0000056277 -0.0004831979 0.0003952513 -0.0018771917 -0.0012743142 -0.0004449570 0.0000061003 -0.0007598098 -0.0003123417 0.0009140159 0.0000484463 0.0000894609 -0.0000740540 0.0005872117 0.0022882544 -0.0085319130 -0.0063408304 -0.0021801355 0.0000514077 -0.0026654139 0.0005072084 -0.0011583379 -0.0007667735 -0.0002701423 0.0000127291 -0.0002643797 0.0004115999 -0.0011802088 -0.0008153658 -0.0002845328 0.0000095677 -0.0003251259 0.0005182512 -0.0017198868 -0.0013032627 -0.0004440663 0.0000065656 -0.0004770741 -0.0003973229 0.0008085631 0.0002733957 0.0001220468 -0.0001942261 0.0003865176 0.0020076293 -0.0041703099 -0.0041358320 -0.0013513532 0.0000505991 -0.0000403545 0.0004776981 -0.0007183756 -0.0005441561 -0.0001863282 0.0000146091 0.0000108773 0.0003782085 -0.0006706781 -0.0005568004 -0.0001874215 0.0000101821 -0.0000136094 0.0004562727 -0.0008530398 -0.0008425939 -0.0002751675 -0.0000032209 0.0000366608 -0.0006320042 0.0007840867 0.0004617738 0.0001222895 -0.0003228759 -0.0000954370 0.0011348340 -0.0000564509 -0.0015227034 -0.0004260945 0.0000232695 0.0015567143 0.0003125492 -0.0002549524 -0.0002555723 -0.0000832516 0.0000111294 0.0001580519 0.0002353528 -0.0001581028 -0.0002361398 -0.0000733816 0.0000063532 0.0001686880 0.0002376689 -0.0000162256 -0.0002959732 -0.0000868843 -0.0000199681 0.0003101357
 0.0001229542 0.0002167074 0.0000855826 -0.0000332945 -0.0000115082 0.0002462794 -0.0001720777 -0.0034807040 -0.0013404759 -0.0005488013 0.0000067458 -0.0013126891 -0.0006938097 -0.0006398535 -0.0001643649 9.9999202094 0.0000017369 -0.0005119604 -0.0003858502 -0.0005620159 -0.0001733068 -0.0000777441 0.0000012833 -0.0003600892 -0.0002597591 -0.0007788566 -0.0002700692 -0.0001209708 0.0000007207 -0.0003731432 0.0000074754 0.0003833771 0.0001261504 -0.0000685606 -0.0000206931 0.0002810562 -0.0006298747 -0.0054025446 -0.0020542883 -0.0008469256 0.0000186523 -0.0019468680 -0.0012278402 -0.0010783569 -0.0002619974 -0.0001304502 0.0000045031 -0.0008471268 -0.0007022640 -0.0009188295 -0.0002714632 -0.0001241074 0.0000034289 -0.0005822558 -0.0005282804 -0.0012320372 -0.0004172699 -0.0001903836 0.0000028663 -0.0005887800 0.0001837199 0.0005528643 0.0001218922 -0.0000854829 -0.0000365741 0.0003428381 -0.0004706192 -0.0053048272 -0.0020317362 -0.0008360189 0.0000322258 -0.0013744601 -0.0014690289 -0.0012299454 -0.0002793139 -0.0001435183 0.0000077166 -0.0009314434 -0.0008227103 -0.0009959230 -0.0002801974 -0.0001308414 0.0000058949 -0.0005942566 -0.0005653823 -0.0012499115 -0.0004189003 -0.0001940250 0.0000048822 -0.0005140647 0.0002107998 0.0005710038 0.0000866901 -0.0000493513 -0.0000663043 0.0001980595 0.0002825822 -0.0029686008 -0.0012113996 -0.0004852746 0.0000346704 0.0001041041 -0.0011916482 -0.0009504390 -0.0001984060 -0.0001061594 0.0000087864 -0.0006759816 -0.0006278273 -0.0007015601 -0.0001855115 -0.0000888396 0.0000065257 -0.0003660059 -0.0003383377 -0.0007619488 -0.0002580117 -0.0001197325 0.0000031319 -0.0001906607 -0.0002565252 0.0005012334 0.0001040057 0.0000406219 -0.0000994448 -0.0001384006 0.0007516263 -0.0004170178 -0.0003008268 -0.0000968237 0.0000218309 0.0010954642 -0.0006571892 -0.0004969283 -0.0000928306 -0.0000525125 0.0000066666 -0.0003190982 -0.0003121104 -0.0002988563 -0.0000711085 -0.0000353063 0.0000045462 -0.0001115765 -0.0001161083 -0.0001886782 -0.0000699895 -0.0000293976 -0.0000025537 0.0000675021
 -0.0001054973 -0.0000514374 -0.0000107991 -0.0000520637 -0.0000132555 0.0001150414 0.0003266392 0.0001742856 0.0000419404 0.0000182610 -0.0000746836 -0.0003801949 0.0000306270 0.0000178355 0.0000027592 0.0000017369 9.9999833867 -0.0002127837 0.0000354935 0.0000199338 0.0000040097 0.0000018953 -0.0000132979 -0.0001334485 0.0000559499 0.0000308232 0.0000070327 -0.0000008690 -0.0000193268 -0.0001274485 -0.0001631063 -0.0000982482 -0.0000205774 -0.0000921229 -0.0000285867 0.0003488754 0.0006277892 0.0003566940 0.0000806433 0.0000365768 -0.0001857758 -0.0011161912 0.0000618399 0.0000356439 0.0000046458 0.0000032198 -0.0000415159 -0.0005415984 0.0000699448 0.0000402518 0.0000073238 0.0000036764 -0.0000331666 -0.0003484686 0.0001121159 0.0000634997 0.0000133581 -0.0000007447 -0.0000477925 -0.0003441552 -0.0001888406 -0.0001416387 -0.0000454708 -0.0001146263 -0.0000543652 0.0005504028 0.0008545393 0.0005279743 0.0001123499 0.0000540107 -0.0003099737 -0.0020408969 0.0000870769 0.0000505237 0.0000054355 0.0000042273 -0.0000695405 -0.0009175970 0.0000968407 0.0000582099 0.0000095456 0.0000051809 -0.0000554998 -0.0005995572 0.0001565773 0.0000937476 0.0000169019 0.0000006011 -0.0000805302 -0.0006115136 -0.0001549558 -0.0001146325 -0.0000658380 -0.0000813009 -0.0000918497 0.0004951904 0.0008285574 0.0005887010 0.0001214048 0.0000633996 -0.0003468408 -0.0023910577 0.0000860560 0.0000513656 0.0000045742 0.0000040174 -0.0000780767 -0.0010368429 0.0000947814 0.0000621426 0.0000095060 0.0000056961 -0.0000623248 -0.0006829920 0.0001548915 0.0001067679 0.0000164847 0.0000049650 -0.0000931476 -0.0007162244 -0.0000903131 0.0000057347 -0.0000465812 0.0000026913 -0.0001250876 0.0002158820 0.0005784752 0.0005146069 0.0001090212 0.0000623395 -0.0002603702 -0.0018079856 0.0000600389 0.0000378206 0.0000029438 0.0000028348 -0.0000587567 -0.0007821806 0.0000661183 0.0000506546 0.0000078977 0.0000052171 -0.0000470159 -0.0005160005 0.0001097439 0.0001001359 0.0000155269 0.0000115599 -0.0000752218 -0.0005549612
 0.0014338323 -0.0008858598 0.0018639269 -0.0004712837 -0.0001858192 0.0049003098 -0.0167242859 -0.0210458013 -0.0008647954 -0.0013623068 -0.0009399230 -0.0193371000 -0.0202335262 -0.0069761413 -0.0003297881 -0.0005119604 -0.0002127837 9.9865088449 -0.0119798764 -0.0050429671 -0.0002345729 -0.0003630808 -0.0001693972 -0.0084272086 -0.0096531734 -0.0060004041 -0.0000919616 -0.0004440327 -0.0002464075 -0.0074633831 0.0013014904 -0.0003527404 0.0025516281 -0.0009864414 -0.0003005964 0.0091108982 -0.0295438137 -0.0320213259 -0.0004668447 -0.0018561948 -0.0023212147 -0.0423925084 -0.0351661996 -0.0121410991 -0.0005245328 -0.0008767041 -0.0005312288 -0.0259068469 -0.0208433967 -0.0084989949 -0.0003211415 -0.0005938011 -0.0004209141 -0.0164641927 -0.0168675013 -0.0095391442 -0.0000257032 -0.0006931033 -0.0005974810 -0.0151787830 0.0056662001 0.0018205013 0.0013847554 -0.0014734768 -0.0004195114 0.0129505373 -0.0208507268 -0.0279341929 0.0012125753 -0.0011384052 -0.0038391097 -0.0566311463 -0.0412150342 -0.0142588241 -0.0005522009 -0.0010110354 -0.0008892082 -0.0344225954 -0.0235997514 -0.0094032537 -0.0002423698 -0.0006264058 -0.0007015046 -0.0218530535 -0.0170023294 -0.0093531283 0.0001538471 -0.0006567341 -0.0009876518 -0.0200865716 0.0062721221 0.0029677078 -0.0009799068 -0.0012787090 -0.0006323963 0.0101688143 0.0065465541 -0.0085801570 0.0033665226 0.0006027221 -0.0042395683 -0.0476605451 -0.0325635563 -0.0112718443 -0.0003759743 -0.0007817553 -0.0009977999 -0.0316848279 -0.0172852975 -0.0066342028 -0.0000224573 -0.0003973679 -0.0007834499 -0.0198229313 -0.0093286262 -0.0049610472 0.0003756716 -0.0002681098 -0.0011164883 -0.0178476215 -0.0028126086 0.0023729084 -0.0017216144 -0.0000016698 -0.0009254363 0.0012460698 0.0240239383 0.0092442589 0.0044939534 0.0019799544 -0.0031118771 -0.0242586564 -0.0173175401 -0.0059563352 -0.0001526610 -0.0004001341 -0.0007504838 -0.0201772958 -0.0080041212 -0.0026943500 0.0001692724 -0.0001032627 -0.0005858046 -0.0122599846 -0.0019770145 -0.0002097716 0.0005738931 0.0002007466 -0.0008741640 -0.0107717802
 -0.0461686440 0.0023712278 0.0028688339 0.0007997833 0.0000742878 -0.0187188691 -0.1375920546 -0.0226620653 0.0031260696 -0.0007891949 0.0001701779 -0.0577817956 -0.0271163570 -0.0066032025 0.0001636277 -0.0003858502 0.0000354935 -0.0119798764 9.9769600494 -0.0049079072 0.0002877404 -0.0002519975 0.0000291692 -0.0099832583 -0.0360599404 -0.0058337968 0.0008197478 -0.0001943349 0.0000472387 -0.0152925602 -0.0094990227 0.0056390951 0.0034706901 0.0008406006 0.0000145249 0.0019070392 -0.1608618654 -0.0306192838 0.0053196019 -0.0006840938 0.0004081381 -0.0563216587 -0.0454428288 -0.0112495699 0.0002612422 -0.0006589331 0.0000886458 -0.0194844725 -0.0343015352 -0.0078870374 0.0004753354 -0.0003930461 0.0000713515 -0.0139235854 -0.0429110330 -0.0084454207 0.0012714941 -0.0002637221 0.0001005188 -0.0157800619 0.0226962574 0.0060791957 0.0019620002 -0.0001643481 -0.0002258603 0.0145974970 -0.1171661197 -0.0234023613 0.0062524398 0.0000594635 0.0006533781 -0.0252079151 -0.0514780830 -0.0128109799 0.0002832148 -0.0007532204 0.0001484237 -0.0210992845 -0.0349250070 -0.0083110199 0.0005382111 -0.0004034572 0.0001169519 -0.0129329167 -0.0347782134 -0.0076998165 0.0013094878 -0.0002539857 0.0001423472 -0.0099838087 0.0217103864 0.0008454312 -0.0008153383 -0.0013665514 -0.0005736887 0.0068347750 -0.0328817609 -0.0049418533 0.0051237371 0.0009873654 0.0006869824 0.0148915221 -0.0391301423 -0.0096523131 0.0002112386 -0.0005696518 0.0001665681 -0.0149167747 -0.0232322228 -0.0055319609 0.0004212238 -0.0002538060 0.0001275487 -0.0072299121 -0.0165458006 -0.0039645361 0.0008630670 -0.0001376153 0.0001259348 -0.0018208001 -0.0030304340 -0.0065666165 -0.0023145946 -0.0013160193 -0.0007744381 -0.0098701478 0.0229207010 0.0079042465 0.0030042703 0.0013386760 0.0004598057 0.0317782745 -0.0197795312 -0.0047163697 0.0001111139 -0.0002789666 0.0001252576 -0.0066524319 -0.0094669390 -0.0021229895 0.0002336238 -0.0000763046 0.0000915101 -0.0017871958 -0.0028446763 -0.0007778799 0.0003477022 0.0000223951 0.0000579259 0.0023514604
