
 5.8493799116 -0.1442161715 0.0040763042 -0.0143348041 0.0658609267 -2.1486306722 -0.2314140723 0.0559368406 0.0117529495 0.0143848088 0.0466871679 -0.0521271641 0.0386675143 0.0013361337 0.0000462390 0.0005703032 0.0005845778 0.0198027116 -0.0032064847 0.0203735491 0.0023585220 0.0024243105 0.0032636498 0.0083288490 -0.3765080644 0.0086339291 0.0034142963 0.0022479963 0.0136924669 -0.1779811111 -2.8618440622 -0.1085192245 0.0054623090 -0.0005380247 0.1112886970 -1.2753305196 -0.0491493983 0.0773290138 0.0153994068 0.0224364240 0.0786875716 0.0959422568 0.0464054382 0.0025816736 0.0002982577 0.0008602988 0.0009775796 0.0240916481 0.0149315139 0.0206387185 0.0025519766 0.0029637630 0.0054950984 0.0210175691 -0.2322412004 0.0144304680 0.0041028091 0.0047819245 0.0230991166 -0.0766525938 -0.8554980909 -0.0435252374 0.0050227577 0.0129761189 0.1260421462 -0.1085528028 0.0984832775 0.0702120889 0.0137671124 0.0231612074 0.0888833593 0.1858166079 0.0324151530 0.0026910274 0.0004187547 0.0008141207 0.0010953426 0.0163650815 0.0214372390 0.0144724016 0.0019428599 0.0025570743 0.0062015396 0.0231622477 -0.0412248408 0.0148228576 0.0034399215 0.0057344438 0.0261179245 0.0334928175 0.1884223235 -0.0044721509 0.0031883382 0.0145930536 0.0956796528 0.3775093954 0.0704239732 0.0416324513 0.0084432206 0.0158632134 0.0672848282 0.1302094400 0.0040969365 0.0015554815 0.0003197424 0.0004588208 0.0008221774 0.0000144565 0.0076679816 0.0069220462 0.0010450055 0.0015203925 0.0046905368 0.0106714674 0.0322085132 0.0094603861 0.0020152433 0.0042533998 0.0197921186 0.0574036061 0.1581319393 0.0004923865 0.0014024183 0.0077595565 0.0486807970 0.2182485422 -0.0515189562 0.0149021598 0.0035716370 0.0069837591 0.0341329685 0.0096057929 -0.0193001549 0.0002923531 0.0001512621 0.0000970295 0.0004133494 -0.0138863723 -0.0118394814 0.0020413613 0.0003981358 0.0005733185 0.0023774080 -0.0050902099 -0.0000946738 0.0032717460 0.0008261752 0.0019221520 0.0100516790 0.0169834508
 -0.1442161715 9.6927766329 -0.0119436587 -0.0175678205 0.0010517594 0.0723173046 -0.0676754720 -0.3841653640 -0.0147029579 -0.0173039484 0.0062863088 -0.0948775597 0.0376800889 0.0026664464 0.0019804421 0.0012986577 0.0002934361 0.0232484023 0.0191923816 0.0122595026 0.0037380792 0.0023773228 0.0005571352 0.0216603156 -0.0102684109 -0.0656851242 -0.0003706658 -0.0020910880 0.0012288901 0.0081204565 -0.1653853306 -0.3652481465 -0.0156584972 -0.0209150558 0.0023974077 0.0643635189 -0.0777374439 -0.4728941435 -0.0200561707 -0.0211741496 0.0118054290 -0.1132957138 0.0473022121 -0.0006210695 0.0017724540 0.0012482946 0.0005349682 0.0281592481 0.0221168134 0.0011703622 0.0029225137 0.0018117959 0.0010335924 0.0209753943 -0.0111676969 -0.0890634049 -0.0019006380 -0.0032398413 0.0023368829 0.0048492852 -0.0960697375 -0.2876429162 -0.0140995244 -0.0164072581 0.0034786006 0.0566710822 -0.0472818608 -0.3903726037 -0.0190960514 -0.0173811409 0.0148389268 -0.0825857707 0.0398773603 -0.0030884262 0.0009996727 0.0008050486 0.0006563945 0.0231829963 0.0183815451 -0.0075203293 0.0012826622 0.0008191231 0.0012881738 0.0145808132 -0.0030392614 -0.0779945962 -0.0027364953 -0.0030379491 0.0029713521 0.0040755275 -0.0119544158 -0.1435800178 -0.0086108291 -0.0081084189 0.0032706348 0.0481259974 -0.0016850333 -0.2128239258 -0.0126480844 -0.0093701082 0.0124826699 -0.0297668035 0.0215474994 -0.0028820113 0.0003200042 0.0003414898 0.0005411118 0.0122074955 0.0109711768 -0.0074418041 0.0001632429 0.0001876586 0.0010767502 0.0074373216 0.0056685535 -0.0435993166 -0.0022042212 -0.0017423409 0.0025255356 0.0053564377 0.0189429991 -0.0369606006 -0.0033915795 -0.0020372758 0.0020127840 0.0307026236 0.0246247579 -0.0720497988 -0.0057228918 -0.0030242217 0.0070274237 0.0052542315 0.0058033974 -0.0014301177 0.0000324993 0.0000865069 0.0002994000 0.0029075750 0.0045146281 -0.0032811301 -0.0001288567 0.0000167184 0.0006031329 0.0026715880 0.0076022233 -0.0142504363 -0.0010873594 -0.0005410718 0.0014350036 0.0050777926
 0.0040763042 -0.0119436587 9.9836716590 -0.0097962815 0.0058956607 -0.0062670541 0.0161074541 -0.0262977670 -0.0670225862 -0.0455519433 0.0075828228 -0.0362041496 0.0019583704 0.0013941912 -0.0047854684 -0.0034324498 0.0001902796 -0.0011561036 0.0027760761 0.0039558640 -0.0063356380 -0.0043624773 0.0005793645 -0.0007810337 0.0042328813 -0.0016069563 -0.0137483803 -0.0092596093 0.0018328575 -0.0053931930 0.0053411480 -0.0171927520 -0.0214707434 -0.0119606677 0.0105412664 -0.0065840598 0.0197904430 -0.0382606020 -0.0863778952 -0.0574066926 0.0140184809 -0.0446256431 0.0026308771 0.0006969858 -0.0062640893 -0.0044326059 0.0003755221 -0.0016580980 0.0032130119 0.0023215886 -0.0084137972 -0.0056966785 0.0010835789 -0.0018616381 0.0051097421 -0.0046163906 -0.0179222447 -0.0117667578 0.0033645034 -0.0071363778 0.0043971060 -0.0164416347 -0.0191957251 -0.0096041931 0.0126253823 -0.0038357893 0.0167997299 -0.0381668678 -0.0751955429 -0.0484017096 0.0172493202 -0.0360004423 0.0024831654 -0.0001825125 -0.0054774572 -0.0038161606 0.0004830817 -0.0014016778 0.0026413834 0.0001146676 -0.0074581883 -0.0049301931 0.0013445000 -0.0019747696 0.0042831629 -0.0060139943 -0.0157369792 -0.0099620531 0.0041163475 -0.0059271065 0.0017492171 -0.0094749902 -0.0116870971 -0.0049627455 0.0101355070 -0.0006073016 0.0103680224 -0.0255400353 -0.0443280931 -0.0272461268 0.0141627746 -0.0183270318 0.0016875988 -0.0005074736 -0.0032106974 -0.0021933007 0.0004093964 -0.0006617697 0.0015970111 -0.0008273764 -0.0044364537 -0.0028334560 0.0011107568 -0.0011322557 0.0025526303 -0.0044945500 -0.0093378621 -0.0056064216 0.0033636553 -0.0029643514 -0.0008978632 -0.0019810447 -0.0048280724 -0.0015376453 0.0054560125 0.0006209747 0.0051946134 -0.0107664481 -0.0177360676 -0.0101783904 0.0077724753 -0.0050637193 0.0008863177 -0.0003400920 -0.0012657212 -0.0008416529 0.0002299888 -0.0000904107 0.0007721541 -0.0005756474 -0.0017785368 -0.0010795218 0.0006124363 -0.0002923457 0.0011196793 -0.0018691468 -0.0037528477 -0.0020798565 0.0018383573 -0.0007143658
 -0.0143348041 -0.0175678205 -0.0097962815 9.9660238422 -0.0352309888 -0.0159933518 0.0055486552 -0.0197558557 -0.0411204499 -0.0540056341 -0.0219804955 -0.0320616896 0.0037885752 0.0011218729 -0.0029748777 -0.0026266235 -0.0000331742 0.0010912754 0.0026932675 0.0029772320 -0.0038444257 -0.0045474258 -0.0013960561 0.0000821399 0.0011779726 -0.0019683829 -0.0083847183 -0.0125821911 -0.0067450882 -0.0052585765 -0.0061984665 -0.0203895051 -0.0124908614 -0.0551985505 -0.0604761655 -0.0247272556 0.0092319199 -0.0246722262 -0.0522581707 -0.0801506044 -0.0371153141 -0.0420316825 0.0050351332 0.0008446899 -0.0038696462 -0.0036140674 -0.0000029119 0.0015052885 0.0034320754 0.0021363687 -0.0050733884 -0.0067596651 -0.0023277034 -0.0005491048 0.0028513510 -0.0033801625 -0.0107840726 -0.0191137593 -0.0114600250 -0.0076632101 0.0060039118 -0.0153359009 -0.0107052695 -0.0610747721 -0.0696346078 -0.0252799259 0.0109819919 -0.0205241062 -0.0446030224 -0.0819317011 -0.0420469981 -0.0364878189 0.0045620360 0.0003486466 -0.0033536374 -0.0033811415 0.0000568854 0.0015509656 0.0031158172 0.0008337777 -0.0044420964 -0.0068441847 -0.0026031784 -0.0007478546 0.0039484083 -0.0032993617 -0.0092827099 -0.0199170679 -0.0130631186 -0.0071776187 0.0109589391 -0.0065625342 -0.0061497504 -0.0458515510 -0.0537822347 -0.0164472265 0.0100159160 -0.0108529644 -0.0255743505 -0.0576074106 -0.0319473253 -0.0200511289 0.0027689123 0.0000412777 -0.0019410101 -0.0021625057 0.0000898935 0.0011157149 0.0020415340 0.0001168509 -0.0025909956 -0.0047391841 -0.0019515490 -0.0004039536 0.0035597753 -0.0018245721 -0.0053529332 -0.0142199781 -0.0099879657 -0.0041771785 0.0071473716 -0.0003598404 -0.0023394817 -0.0232661837 -0.0278626599 -0.0061283723 0.0075466962 -0.0029401141 -0.0098426900 -0.0277716888 -0.0162755264 -0.0057130862 0.0010516358 -0.0000245620 -0.0007515353 -0.0009498145 0.0000704690 0.0004998762 0.0009947345 0.0000108015 -0.0010088612 -0.0022462440 -0.0009802460 -0.0000268466 0.0022279922 -0.0003825421 -0.0020656229 -0.0069355655 -0.0051215891 -0.0012687430
 0.0658609267 0.0010517594 0.0058956607 -0.0352309888 9.7874722908 -0.0640177180 0.0287952918 0.0245007310 0.0221492606 -0.0171573840 -0.1649894972 -0.0763242669 0.0070340224 0.0006280396 0.0016024828 0.0005989604 -0.0024344965 0.0052954735 0.0051452078 0.0024606317 0.0023284595 -0.0007057151 -0.0117094624 -0.0019060980 0.0126063777 0.0047239911 0.0047478262 -0.0057016292 -0.0467316288 -0.0163650414 0.0927649717 0.0061697382 0.0080062209 -0.0617884914 -0.3625733759 -0.1558999384 0.0450058852 0.0350402095 0.0290141392 -0.0364631989 -0.2829015914 -0.1465153651 0.0108062802 0.0010206921 0.0020784254 0.0005205502 -0.0042098276 0.0072948141 0.0079019228 0.0032594488 0.0030143400 -0.0019676884 -0.0200954246 -0.0054499608 0.0188630807 0.0069891258 0.0062203526 -0.0112538753 -0.0799795725 -0.0353884209 0.0989051019 0.0111444903 0.0075192150 -0.0722071921 -0.4148057771 -0.2033744694 0.0534993980 0.0356718251 0.0258744573 -0.0480255413 -0.3253729051 -0.1767635196 0.0117025796 0.0011158143 0.0018161319 0.0001593289 -0.0048828133 0.0070907812 0.0088601259 0.0031339413 0.0026521534 -0.0029084225 -0.0231325139 -0.0076089651 0.0211677593 0.0074210289 0.0055573702 -0.0142097202 -0.0918075273 -0.0446807928 0.0787535399 0.0121436105 0.0049596010 -0.0562810594 -0.3182554634 -0.1563644260 0.0534543755 0.0268100570 0.0158168321 -0.0405245991 -0.2510270850 -0.1321841912 0.0095596346 0.0008568723 0.0010731538 -0.0001289178 -0.0037992436 0.0053647758 0.0078758399 0.0022522732 0.0015941771 -0.0026089656 -0.0178626362 -0.0057251779 0.0187811381 0.0058463782 0.0034120624 -0.0116759994 -0.0706856209 -0.0338196032 0.0456641285 0.0089745601 0.0023599719 -0.0292630141 -0.1637581461 -0.0672000381 0.0479259857 0.0156944222 0.0067016329 -0.0222035422 -0.1299203629 -0.0550446005 0.0066393586 0.0004917937 0.0004310490 -0.0001575851 -0.0019833605 0.0037408388 0.0061575617 0.0012698141 0.0006604619 -0.0014803497 -0.0092532342 -0.0016652311 0.0140741033 0.0035633300 0.0014591034 -0.0062893868 -0.0365055293 -0.0138114083
 -2.1486306722 0.0723173046 -0.0062670541 -0.0159933518 -0.0640177180 7.9206949976 0.1066852986 -0.0344929420 -0.0190697184 -0.0166358836 -0.0421779176 -0.1267465893 -0.0201675367 0.0034450485 -0.0000696747 -0.0003654049 -0.0004151689 -0.0118199870 -0.0032818549 0.0263948917 0.0014078299 0.0008270348 -0.0028844492 -0.0064632425 -0.1629871378 0.0205180416 -0.0019095955 -0.0027707600 -0.0127270127 -0.1931607646 -1.2228274295 0.0976451707 -0.0082107377 -0.0172657713 -0.1077511777 -1.5733872801 0.2381309392 -0.0448344752 -0.0247038991 -0.0230888414 -0.0702960375 -0.0979714645 -0.0271584882 0.0019766842 -0.0004992860 -0.0007266597 -0.0006644703 -0.0173539454 0.0037047518 0.0223151205 0.0005440872 0.0000257417 -0.0047952692 -0.0071431502 -0.0631998037 0.0186864496 -0.0033407462 -0.0042172209 -0.0212969914 -0.1471237936 -0.1052348278 0.0837179745 -0.0073231387 -0.0147599992 -0.1215211331 -0.6701076026 0.2492150858 -0.0400973552 -0.0217173790 -0.0222197904 -0.0784378982 -0.0601935602 -0.0263399495 0.0001377606 -0.0006952957 -0.0008075988 -0.0007080239 -0.0178435375 0.0059252207 0.0121297929 -0.0003211711 -0.0006967631 -0.0053345018 -0.0070540740 0.0317943374 0.0109681117 -0.0034829108 -0.0044164092 -0.0238671172 -0.0669182802 0.3037882678 0.0455076833 -0.0044280603 -0.0100493386 -0.0918262221 -0.1067374224 0.1280542359 -0.0245800389 -0.0129870574 -0.0148453138 -0.0585840912 -0.0477379985 -0.0204646446 -0.0006602944 -0.0005215710 -0.0005716637 -0.0005014366 -0.0142087931 0.0003850763 0.0040331487 -0.0005275601 -0.0007766128 -0.0039704313 -0.0071667244 0.0445805481 0.0038612283 -0.0023125803 -0.0031925337 -0.0179109679 -0.0189343846 0.1319516613 0.0133043327 -0.0017765286 -0.0055242480 -0.0464883028 0.0030711733 -0.0076141214 -0.0105064259 -0.0052780637 -0.0069929504 -0.0292816228 -0.0531175431 -0.0149663268 -0.0005781451 -0.0002408907 -0.0002841563 -0.0002355029 -0.0102337915 -0.0069718811 0.0006463552 -0.0003082486 -0.0004647494 -0.0019767127 -0.0074376248 0.0064731050 0.0003860311 -0.0010010096 -0.0016429118 -0.0089994633 -0.0110999564
 -0.2314140723 -0.0676754720 0.0161074541 0.0055486552 0.0287952918 0.1066852986 7.8699088466 -0.1232641591 0.0587256752 0.0225652013 0.0584267002 -0.8482740958 -0.0880933721 0.0027806619 0.0056808558 0.0029335868 0.0022161610 -0.0184904886 -0.1611484556 0.0491453411 0.0121993397 0.0073824713 0.0048777201 -0.0338753421 -0.3880785805 0.0121334267 0.0166937219 0.0081467032 0.0129037281 -0.1163142360 -0.2411300151 -0.0705447529 0.0221530432 0.0093639587 0.0525910278 0.1664883139 -2.3563690824 -0.1201326580 0.0775134826 0.0346312955 0.1066799574 -0.8652406665 -0.0682713696 0.0025577028 0.0068189901 0.0038090852 0.0040356834 0.0025161377 -0.1653189538 0.0437168826 0.0134374214 0.0081837082 0.0088942774 -0.0265440471 -0.4195341958 0.0084588662 0.0203173095 0.0104648971 0.0235542298 -0.1081843737 -0.1238658151 -0.0394268993 0.0211345653 0.0110668643 0.0644216955 0.2051215328 -1.6265971963 -0.0626609958 0.0698396544 0.0364769248 0.1306738186 -0.4890677339 -0.0036818780 0.0026099086 0.0056245058 0.0035187467 0.0049348100 0.0368396167 -0.0927494543 0.0276360803 0.0103686180 0.0065798943 0.0108864311 0.0041313347 -0.2710292265 0.0073106990 0.0172406613 0.0097695675 0.0288467890 -0.0380704256 0.0023127209 -0.0006986492 0.0141964913 0.0092192816 0.0529210774 0.1850123177 -0.5056672718 0.0009369040 0.0432698281 0.0273364708 0.1073567461 -0.0008222834 0.0621243539 0.0028941781 0.0031909812 0.0024067803 0.0040497025 0.0635106320 0.0037135293 0.0138377170 0.0056327869 0.0039745064 0.0089399155 0.0381041959 -0.0572209125 0.0092570323 0.0102490359 0.0067781063 0.0236964499 0.0430921762 0.0248966966 0.0173611570 0.0068862214 0.0054099151 0.0291516033 0.1098512002 0.2668981333 0.0306750141 0.0186462993 0.0155746561 0.0591474832 0.2924788573 0.0947479543 0.0028171206 0.0012489448 0.0013473559 0.0022295499 0.0716629004 0.0641867794 0.0067078830 0.0021699330 0.0019459865 0.0049240974 0.0551356728 0.0807317623 0.0097854903 0.0043131021 0.0036798209 0.0130541573 0.0842237930
 0.0559368406 -0.3841653640 -0.0262977670 -0.0197558557 0.0245007310 -0.0344929420 -0.1232641591 9.1991401063 -0.0565538780 -0.0392966264 0.0353161254 -0.2455204064 0.0291520453 -0.0567201037 -0.0064735101 -0.0034257486 0.0011243079 0.0058190295 0.0229185011 0.0124410708 0.0018356042 0.0028853426 0.0028392689 0.0289362321 0.0058626805 -0.1206534044 -0.0076698969 -0.0044044479 0.0083590855 -0.0122172873 0.0435828602 -0.4676659487 -0.0341756343 -0.0228124603 0.0433886904 -0.0450953654 -0.1328411055 -0.9943991696 -0.0737889549 -0.0472143876 0.0634902763 -0.2782632267 0.0440161702 -0.0655441261 -0.0069839143 -0.0035925776 0.0020371693 0.0151143579 0.0271039030 -0.0146658434 -0.0005066043 0.0015041465 0.0051032172 0.0263523556 0.0068412343 -0.1697874902 -0.0120416551 -0.0065708044 0.0149684852 -0.0186086948 0.0275361337 -0.3664924702 -0.0299972670 -0.0162441049 0.0515917197 -0.0242481950 -0.0756235979 -0.8223102059 -0.0656759371 -0.0371841951 0.0766307877 -0.1920920655 0.0443684777 -0.0515357609 -0.0052203803 -0.0025457565 0.0024774272 0.0196736072 0.0246142344 -0.0298198855 -0.0022373631 0.0001094342 0.0061635239 0.0188418803 0.0108677789 -0.1508476085 -0.0119463439 -0.0057673792 0.0180002748 -0.0115379091 0.0150093668 -0.1629961727 -0.0172961422 -0.0055618264 0.0411882419 0.0074080348 0.0041339475 -0.4405644973 -0.0397394595 -0.0182604430 0.0620836733 -0.0614837501 0.0292723071 -0.0274402435 -0.0027209173 -0.0012114936 0.0020219000 0.0149645984 0.0172365917 -0.0226184716 -0.0020859318 -0.0002767323 0.0049989692 0.0117091107 0.0143233942 -0.0824588722 -0.0076747608 -0.0028453738 0.0145328119 0.0018828073 -0.0013823105 -0.0104091184 -0.0058735264 0.0013520107 0.0220774159 0.0181368471 0.0499560336 -0.1368888057 -0.0160243533 -0.0044059734 0.0337572459 0.0193946597 0.0116862149 -0.0097390829 -0.0009917673 -0.0003808248 0.0011072273 0.0063874286 0.0093885563 -0.0085128816 -0.0010386429 -0.0000741903 0.0027216489 0.0064630925 0.0128920342 -0.0230767620 -0.0031390967 -0.0004497790 0.0078761747 0.0087502544
 0.0117529495 -0.0147029579 -0.0670225862 -0.0411204499 0.0221492606 -0.0190697184 0.0587256752 -0.0565538780 9.7086924930 -0.2002230182 0.0283457328 -0.1476593816 0.0084918454 -0.0047187342 -0.0236059844 -0.0166363640 0.0006815475 -0.0099508204 0.0106693889 0.0106920069 -0.0296270787 -0.0204123869 0.0021486526 -0.0074749414 0.0155643963 -0.0006568280 -0.0607186893 -0.0413105762 0.0068512892 -0.0240978821 0.0146855887 -0.0205524031 -0.0856893466 -0.0492595634 0.0397234897 -0.0166750846 0.0731058912 -0.0772969287 -0.3703537657 -0.2503616409 0.0527336839 -0.1756586270 0.0119339841 -0.0060314234 -0.0298681259 -0.0209562360 0.0013754960 -0.0113177800 0.0127991050 0.0068494675 -0.0382095022 -0.0260799072 0.0040546548 -0.0110306437 0.0191039479 -0.0062644776 -0.0776138993 -0.0518373641 0.0126503181 -0.0295316582 0.0109122264 -0.0180308489 -0.0737049468 -0.0383903376 0.0476996514 -0.0047746690 0.0624383257 -0.0712253049 -0.3162281437 -0.2086611354 0.0651769081 -0.1341497671 0.0114961642 -0.0052368991 -0.0253673344 -0.0176716515 0.0017931141 -0.0081527483 0.0108138019 0.0016274086 -0.0329245659 -0.0221265798 0.0050614215 -0.0094481063 0.0161502365 -0.0089121561 -0.0665286692 -0.0432254245 0.0155428258 -0.0224610460 0.0019704027 -0.0076058535 -0.0426444155 -0.0189550398 0.0383775731 0.0046111353 0.0373570181 -0.0430028155 -0.1814528223 -0.1155227071 0.0536885643 -0.0627913662 0.0076544143 -0.0030853812 -0.0144654349 -0.0099674525 0.0015323514 -0.0034781200 0.0064900811 -0.0007979939 -0.0189932197 -0.0124596480 0.0041991296 -0.0046566952 0.0093336476 -0.0063163224 -0.0382784669 -0.0238630399 0.0127409461 -0.0099725227 -0.0064291624 0.0021857672 -0.0165360092 -0.0054978613 0.0206991256 0.0046270149 0.0163769191 -0.0153334788 -0.0699932230 -0.0421971659 0.0295359178 -0.0151797437 0.0036186458 -0.0012172970 -0.0055403024 -0.0037547470 0.0008655595 -0.0006324095 0.0028358275 -0.0006642635 -0.0073452766 -0.0046418392 0.0023222849 -0.0010825062 0.0035016745 -0.0020779692 -0.0147878706 -0.0086473605 0.0069802953 -0.0019804703
 0.0143848088 -0.0173039484 -0.0455519433 -0.0540056341 -0.0171573840 -0.0166358836 0.0225652013 -0.0392966264 -0.2002230182 9.8326131682 -0.0133386980 -0.1188457414 0.0076482629 -0.0017380722 -0.0161090478 -0.0120891451 -0.0000655709 -0.0045062127 0.0070414809 0.0081545524 -0.0202881438 -0.0162479719 -0.0008615681 -0.0050496905 0.0088447120 -0.0006702708 -0.0416421302 -0.0357892787 -0.0037432256 -0.0189919430 0.0177985117 -0.0196134639 -0.0574800176 -0.0786548491 -0.0304657645 -0.0245750966 0.0321181436 -0.0474619942 -0.2531412864 -0.2237342328 -0.0227303560 -0.1460806061 0.0112662512 -0.0023995369 -0.0204052012 -0.0155908104 -0.0000162310 -0.0044703148 0.0090662975 0.0060370669 -0.0260943823 -0.0218035840 -0.0014153176 -0.0075206222 0.0117617673 -0.0032867412 -0.0529400066 -0.0484911791 -0.0064572159 -0.0245662425 0.0163434628 -0.0130481427 -0.0485206059 -0.0789187821 -0.0363726116 -0.0222877013 0.0334208706 -0.0369923442 -0.2144156888 -0.2040684661 -0.0263064126 -0.1172728033 0.0114103121 -0.0021025256 -0.0173160143 -0.0135663160 0.0000702795 -0.0022854860 0.0084647468 0.0027045800 -0.0223730131 -0.0197771915 -0.0015882048 -0.0064206960 0.0114291310 -0.0037208411 -0.0450101855 -0.0448157279 -0.0075433601 -0.0201710603 0.0097336909 -0.0026444457 -0.0273227899 -0.0544985634 -0.0291777261 -0.0121079083 0.0274060715 -0.0170700812 -0.1216109623 -0.1274703575 -0.0206163373 -0.0587154067 0.0081185497 -0.0011654827 -0.0098443673 -0.0079846098 0.0001107561 0.0000327799 0.0059111551 0.0007647173 -0.0128031873 -0.0121899036 -0.0012133150 -0.0029764962 0.0083687423 -0.0017407233 -0.0255881844 -0.0283625497 -0.0059535604 -0.0099788855 0.0012876809 0.0038469333 -0.0101815186 -0.0258058342 -0.0157193174 -0.0035037183 0.0196008529 -0.0026639906 -0.0461270284 -0.0546629278 -0.0109150239 -0.0146111954 0.0043103887 -0.0003848422 -0.0037487346 -0.0031868534 0.0000821142 0.0009642740 0.0033394014 0.0002850344 -0.0048913076 -0.0051267485 -0.0006290583 -0.0003126825 0.0048929931 0.0002266138 -0.0097130381 -0.0123191406 -0.0031686314 -0.0021833133
 0.0466871679 0.0062863088 0.0075828228 -0.0219804955 -0.1649894972 -0.0421779176 0.0584267002 0.0353161254 0.0283457328 -0.0133386980 9.7619754080 -0.1161545640 0.0114446544 0.0013216204 0.0021345277 0.0006709527 -0.0073311458 0.0053124390 0.0089583769 0.0040301285 0.0030646779 -0.0003771531 -0.0189179674 -0.0045017663 0.0172594513 0.0075437209 0.0061335593 -0.0038550423 -0.0562046337 -0.0208588394 0.0731429322 0.0132642810 0.0103250215 -0.0410614390 -0.2941449114 -0.1170156963 0.0859335660 0.0498847035 0.0371962294 -0.0339846406 -0.4301940163 -0.2416824500 0.0180816791 0.0018250324 0.0027379749 0.0004156823 -0.0133589102 0.0058434536 0.0137155274 0.0050852758 0.0039398019 -0.0018177684 -0.0342490616 -0.0124901933 0.0262792341 0.0106353690 0.0080280310 -0.0090332873 -0.1012612033 -0.0479970855 0.0842597428 0.0179227153 0.0097202429 -0.0506431229 -0.3519686829 -0.1640256587 0.0967265544 0.0499633861 0.0332444699 -0.0494121019 -0.5215610711 -0.3131115210 0.0206671252 0.0018105946 0.0023742575 -0.0001661183 -0.0163197061 0.0045238999 0.0156303419 0.0046770095 0.0034512323 -0.0031339542 -0.0415883318 -0.0179618349 0.0299833366 0.0107873376 0.0071734360 -0.0126369352 -0.1223993532 -0.0644367914 0.0703734304 0.0167866562 0.0064134864 -0.0414070569 -0.2826660863 -0.1330565004 0.0939807092 0.0367281486 0.0203709535 -0.0446087773 -0.4241685790 -0.2524052913 0.0188314318 0.0013377699 0.0013960621 -0.0005015050 -0.0133665291 0.0040523886 0.0147011891 0.0032362968 0.0020694174 -0.0030471900 -0.0338721538 -0.0144119989 0.0278558207 0.0081234362 0.0044071940 -0.0111608689 -0.0992595622 -0.0519334263 0.0413906832 0.0112800258 0.0030348723 -0.0224922153 -0.1523553350 -0.0594749039 0.0850580276 0.0209329185 0.0086456747 -0.0257468089 -0.2313957447 -0.1176262191 0.0154086426 0.0007921680 0.0005591690 -0.0003900360 -0.0073401182 0.0052865210 0.0126095532 0.0017801881 0.0008560556 -0.0018219228 -0.0185036673 -0.0051536543 0.0228255100 0.0047510984 0.0018841182 -0.0063546102 -0.0540022460 -0.0228559193
 -0.0521271641 -0.0948775597 -0.0362041496 -0.0320616896 -0.0763242669 -0.1267465893 -0.8482740958 -0.2455204064 -0.1476593816 -0.1188457414 -0.1161545640 9.2789533509 -0.0507264189 -0.0071340565 -0.0115768378 -0.0084860699 -0.0039169310 -0.0483456577 -0.0617251621 0.0493564069 -0.0089393081 -0.0067494702 -0.0094189554 -0.0363950303 -0.1481533955 -0.0040583342 -0.0268256005 -0.0215735335 -0.0271579295 -0.1222270048 0.0078634776 -0.1093749670 -0.0452308288 -0.0419890970 -0.1351226725 -0.1516558114 -0.9427376785 -0.2940819030 -0.1860551328 -0.1523087762 -0.2086794218 -0.8969511035 -0.0535567051 -0.0091908378 -0.0146199614 -0.0107972958 -0.0070665399 -0.0569743771 -0.0691958390 0.0379532698 -0.0137400119 -0.0106797224 -0.0169438068 -0.0547895814 -0.1598362885 -0.0189563263 -0.0354586434 -0.0291229475 -0.0486291143 -0.1583731962 0.0762951944 -0.0744724194 -0.0374815151 -0.0371017090 -0.1606629100 -0.1198429165 -0.6339510663 -0.2278976221 -0.1568117110 -0.1314260963 -0.2518246205 -0.7322572717 -0.0251246746 -0.0073870633 -0.0123644073 -0.0091700186 -0.0085719036 -0.0377930510 -0.0411131261 0.0185151580 -0.0130640515 -0.0103980281 -0.0204742140 -0.0466811957 -0.0975847892 -0.0212245497 -0.0308423513 -0.0260211129 -0.0584893953 -0.1303149101 0.0917010333 -0.0164825887 -0.0201897804 -0.0217030667 -0.1282829712 -0.0509573504 -0.1315691876 -0.1031538999 -0.0881251934 -0.0756720969 -0.2040497780 -0.3314205829 0.0220616414 -0.0032495758 -0.0070003450 -0.0051105938 -0.0069857189 0.0006021041 0.0073865101 0.0065497951 -0.0079452588 -0.0064028403 -0.0166126199 -0.0135018142 -0.0018803783 -0.0093021301 -0.0176671687 -0.0152954126 -0.0472399056 -0.0530056891 0.0448246942 0.0204186514 -0.0065804612 -0.0079462499 -0.0687766301 -0.0006662887 0.2324062970 -0.0117704783 -0.0327180627 -0.0279854222 -0.1109878220 0.0197390233 0.0589117837 0.0000250116 -0.0026495536 -0.0017261256 -0.0038225803 0.0329322403 0.0443865766 0.0032058618 -0.0031242060 -0.0024109734 -0.0090485274 0.0188558752 0.0640643742 0.0026592066 -0.0065965246 -0.0056700457 -0.0256146857 0.0162839369
 0.0386675143 0.0376800889 0.0019583704 0.0037885752 0.0070340224 -0.0201675367 -0.0880933721 0.0291520453 0.0084918454 0.0076482629 0.0114446544 -0.0507264189 9.1219849701 -0.0353412977 0.0032312163 -0.0042695980 0.0003986624 -0.4458339265 -0.4197722042 0.1038958775 0.0141556886 0.0077876709 0.0009493335 -0.1678995665 -0.3000317702 0.0773568480 0.0107780716 0.0064960100 0.0026471445 -0.1262095149 0.0917136251 0.0456211472 0.0023246461 0.0050559219 0.0125395884 0.0078706228 -0.1329831150 0.0316092353 0.0104412864 0.0095968572 0.0206678258 -0.0665795659 -1.1018394216 -0.0506337363 0.0031823427 -0.0059042279 0.0007211230 -0.5614435141 -0.5378250848 0.0834402521 0.0130059968 0.0060879437 0.0017023974 -0.2325905040 -0.3823138262 0.0644430916 0.0102636342 0.0056804327 0.0047578818 -0.1704106357 0.0878852548 0.0348502011 0.0017553268 0.0043572655 0.0150101366 0.0194446232 -0.1021867621 0.0220530363 0.0085009449 0.0082856670 0.0250567217 -0.0372997184 -0.9024103993 -0.0461436632 0.0021332275 -0.0051793969 0.0008773301 -0.4561710757 -0.4465853927 0.0419969124 0.0080665749 0.0029743625 0.0020579309 -0.1995854789 -0.3144134546 0.0342201303 0.0066343100 0.0033622529 0.0057471344 -0.1419922627 0.0286983117 0.0144707799 0.0007652687 0.0022876236 0.0120629664 0.0025760799 0.0076532103 0.0093981767 0.0045221026 0.0051034198 0.0203881907 0.0322651724 -0.4363033256 -0.0264486950 0.0009736987 -0.0026912307 0.0007170258 -0.2072082761 -0.2163483760 0.0127093711 0.0033774070 0.0009815851 0.0016731009 -0.0908444780 -0.1452557019 0.0110603583 0.0028946119 0.0014712351 0.0046620313 -0.0584056851 -0.0270158358 -0.0001834860 0.0000972701 0.0005049589 0.0065079340 -0.0196089390 0.1156463868 0.0022097471 0.0015155241 0.0024909838 0.0111320113 0.0941590879 -0.0480589152 -0.0084077639 0.0003022174 -0.0004617580 0.0003934071 0.0023450052 -0.0204415876 0.0026027603 0.0009510876 0.0004433194 0.0009136945 0.0074171176 -0.0003789165 0.0020782185 0.0008331599 0.0006550644 0.0025386341 0.0161059991
 0.0013361337 0.0026664464 0.0013941912 0.0011218729 0.0006280396 0.0034450485 0.0027806619 -0.0567201037 -0.0047187342 -0.0017380722 0.0013216204 -0.0071340565 -0.0353412977 9.4394396104 -0.1034595898 -0.0574485041 -0.0000562166 -0.2390555947 -0.0039674015 -0.2481718755 -0.0572106174 -0.0285544233 0.0000531786 -0.1049165952 0.0013137477 -0.1495846005 -0.0348826690 -0.0169583486 0.0002556435 -0.0594530278 -0.0000211677 0.0044423031 0.0020409296 0.0015835053 0.0011470091 0.0040364099 0.0124025304 -0.0531916691 -0.0024035991 -0.0001512818 0.0024002436 0.0045588290 -0.0202017422 -0.5292722436 -0.0973413498 -0.0540262514 -0.0000087006 -0.2140420972 0.0014237467 -0.2402393172 -0.0542640895 -0.0272133228 0.0001459820 -0.0957149728 0.0061526620 -0.1451978120 -0.0328139733 -0.0159711426 0.0004943472 -0.0522778841 -0.0017221600 0.0057122818 0.0020927746 0.0015824724 0.0014066967 0.0032852607 0.0170680194 -0.0318860322 0.0005343124 0.0013729979 0.0029284551 0.0142326678 0.0018417239 -0.3350731116 -0.0613513500 -0.0340096044 0.0000483111 -0.1232475098 0.0072490392 -0.1555669922 -0.0344125433 -0.0173124604 0.0002096775 -0.0558560156 0.0095164144 -0.0939067879 -0.0205100783 -0.0099482395 0.0006226671 -0.0282596536 -0.0027606213 0.0058225368 0.0015202970 0.0011508326 0.0011578118 0.0014345116 0.0105286648 -0.0109532552 0.0016735504 0.0015966283 0.0023994021 0.0125791788 0.0128643502 -0.1421880959 -0.0258928401 -0.0143093191 0.0000644288 -0.0427368926 0.0084437526 -0.0673056843 -0.0145704130 -0.0073320492 0.0001852701 -0.0195061006 0.0081630526 -0.0401514465 -0.0084572676 -0.0040500345 0.0005187158 -0.0081935628 -0.0027142491 0.0047509671 0.0007972570 0.0006373027 0.0006393186 -0.0003357319 -0.0003150629 -0.0008930815 0.0011986409 0.0009472948 0.0013197021 0.0043736919 0.0120385407 -0.0403808631 -0.0073122103 -0.0040043364 0.0000424298 -0.0058713229 0.0059613904 -0.0193691095 -0.0041067695 -0.0020520451 0.0001057369 -0.0027408878 0.0043285534 -0.0110407755 -0.0022624223 -0.0010428532 0.0002878249 -0.0002879646
 0.0000462390 0.0019804421 -0.0047854684 -0.0029748777 0.0016024828 -0.0000696747 0.0056808558 -0.0064735101 -0.0236059844 -0.0161090478 0.0021345277 -0.0115768378 0.0032312163 -0.1034595898 9.9786989303 -0.0119932969 0.0000322730 -0.0423724927 0.0064508262 -0.0368750717 -0.0123508042 -0.0063500160 0.0001523946 -0.0150352282 0.0056594668 -0.0211218500 -0.0108184084 -0.0060355256 0.0005045976 -0.0094198676 -0.0005862494 0.0026994996 -0.0059897910 -0.0035007312 0.0028888715 0.0001667686 0.0081610287 -0.0047251761 -0.0291735483 -0.0197163269 0.0039903293 -0.0115694260 0.0079524702 -0.0972717315 -0.0206468219 -0.0116742754 0.0000874892 -0.0374947707 0.0084187816 -0.0361319181 -0.0125445559 -0.0065985874 0.0002984883 -0.0137495178 0.0072415718 -0.0206094943 -0.0117659664 -0.0067057602 0.0009420272 -0.0086218620 -0.0009409297 0.0026261558 -0.0049945382 -0.0026457770 0.0034855336 0.0007497046 0.0073846321 -0.0015219911 -0.0242256148 -0.0160960111 0.0049510966 -0.0071851284 0.0094116034 -0.0612242652 -0.0135257218 -0.0076826347 0.0001273320 -0.0214383792 0.0074814416 -0.0235659684 -0.0086470023 -0.0046417054 0.0003799648 -0.0080129832 0.0062935002 -0.0132683952 -0.0087205012 -0.0050280892 0.0011659047 -0.0048912935 -0.0008994209 0.0018891561 -0.0027634687 -0.0012368097 0.0028168849 0.0009648877 0.0036415792 0.0004704033 -0.0134855173 -0.0087184359 0.0040917468 -0.0027737964 0.0065380017 -0.0257825886 -0.0059997437 -0.0034230746 0.0001142826 -0.0077385999 0.0044113375 -0.0102150280 -0.0040512643 -0.0022089412 0.0003187329 -0.0028923906 0.0035430776 -0.0055772427 -0.0043987190 -0.0025301086 0.0009607813 -0.0016268926 -0.0007052253 0.0010596793 -0.0010064634 -0.0003204998 0.0015256990 0.0005736845 -0.0000572329 0.0007479983 -0.0050175946 -0.0031097996 0.0022574265 -0.0010824891 0.0027059218 -0.0072593371 -0.0018055075 -0.0010343719 0.0000661033 -0.0017551108 0.0015949052 -0.0029320624 -0.0012910654 -0.0007096686 0.0001774606 -0.0006675702 0.0010686523 -0.0014854336 -0.0015055269 -0.0008465961 0.0005285452 -0.0003635735
 0.0005703032 0.0012986577 -0.0034324498 -0.0026266235 0.0005989604 -0.0003654049 0.0029335868 -0.0034257486 -0.0166363640 -0.0120891451 0.0006709527 -0.0084860699 -0.0042695980 -0.0574485041 -0.0119932969 9.9931239723 0.0000052295 -0.0261009272 0.0001303654 -0.0220651885 -0.0073257355 -0.0039656997 0.0000456866 -0.0105484815 0.0008079766 -0.0127241597 -0.0068111960 -0.0041089734 0.0001651206 -0.0069873148 0.0006080828 0.0018550146 -0.0042803946 -0.0033847072 0.0010379608 -0.0001788141 0.0043917556 -0.0022494870 -0.0206197473 -0.0152139998 0.0012682221 -0.0089295513 -0.0029869518 -0.0541801461 -0.0117123512 -0.0067827539 0.0000266714 -0.0239777079 0.0005426507 -0.0215336283 -0.0075153420 -0.0042045932 0.0000949860 -0.0100909514 0.0012725701 -0.0123266374 -0.0075154554 -0.0047258594 0.0003090280 -0.0067668652 0.0003297269 0.0018742284 -0.0035501661 -0.0029447385 0.0012011715 0.0002109986 0.0043364099 -0.0003163112 -0.0171433074 -0.0129043906 0.0015734248 -0.0058815798 -0.0006289372 -0.0342388913 -0.0077441229 -0.0045406921 0.0000448591 -0.0143455554 0.0009253284 -0.0140084986 -0.0052414648 -0.0030403388 0.0001240036 -0.0062460818 0.0014105419 -0.0078708958 -0.0056481581 -0.0037104573 0.0003795017 -0.0041674203 -0.0001691454 0.0013637735 -0.0019491745 -0.0017338096 0.0009294180 0.0003250679 0.0027641544 0.0007429223 -0.0095376785 -0.0073792061 0.0012913740 -0.0022088997 0.0009479515 -0.0144867083 -0.0034735623 -0.0020667009 0.0000427198 -0.0052614588 0.0009750124 -0.0060595894 -0.0024877223 -0.0015018092 0.0001049112 -0.0023399859 0.0011034685 -0.0032647587 -0.0028843915 -0.0019882097 0.0003084026 -0.0014843513 -0.0005631595 0.0007339400 -0.0007020992 -0.0006924791 0.0004812736 0.0000803813 0.0010382938 0.0007033519 -0.0035395372 -0.0028469739 0.0007045396 -0.0003133517 0.0013154238 -0.0040919407 -0.0010588630 -0.0006390594 0.0000254314 -0.0007717743 0.0007706827 -0.0017301285 -0.0008034300 -0.0005066646 0.0000583797 -0.0003311152 0.0006551984 -0.0008435547 -0.0009969081 -0.0007263745 0.0001666759 -0.0001432336
 0.0005845778 0.0002934361 0.0001902796 -0.0000331742 -0.0024344965 -0.0004151689 0.0022161610 0.0011243079 0.0006815475 -0.0000655709 -0.0073311458 -0.0039169310 0.0003986624 -0.0000562166 0.0000322730 0.0000052295 9.9996976376 0.0000749624 0.0003258752 0.0001009860 0.0000655999 0.0000034590 -0.0006236694 -0.0002015573 0.0005460003 0.0002342513 0.0001434814 -0.0000089656 -0.0015229558 -0.0006406861 0.0011895506 0.0005089625 0.0002630688 -0.0001566349 -0.0047480454 -0.0017021731 0.0031808523 0.0015801243 0.0009037580 -0.0004007620 -0.0136381644 -0.0083966630 0.0006405095 -0.0000349738 0.0000478114 -0.0000010659 -0.0005567254 0.0000489494 0.0004960113 0.0001335701 0.0000874358 -0.0000214016 -0.0011571730 -0.0005127855 0.0008368145 0.0003302144 0.0001912802 -0.0000776380 -0.0028505662 -0.0015027692 0.0015777955 0.0006084722 0.0002522822 -0.0002854025 -0.0061571940 -0.0027693516 0.0034911812 0.0015687446 0.0008187878 -0.0007356941 -0.0169820541 -0.0111681907 0.0007490355 -0.0000012653 0.0000458352 -0.0000120318 -0.0006867614 0.0000036182 0.0005658520 0.0001287506 0.0000791580 -0.0000499890 -0.0014374777 -0.0007246720 0.0009595508 0.0003331087 0.0001743642 -0.0001490007 -0.0035689325 -0.0020739447 0.0014133964 0.0005204437 0.0001698811 -0.0002953291 -0.0053164734 -0.0024624373 0.0033356021 0.0011366652 0.0005103771 -0.0007447614 -0.0141561852 -0.0092499520 0.0007089202 0.0000181641 0.0000290361 -0.0000162317 -0.0005676147 0.0000440609 0.0005403938 0.0000928034 0.0000489834 -0.0000544020 -0.0011957016 -0.0005856963 0.0009100268 0.0002476424 0.0001095266 -0.0001536978 -0.0029896384 -0.0017217864 0.0008392804 0.0003248823 0.0000819141 -0.0001888981 -0.0030599056 -0.0011658174 0.0030179382 0.0006349312 0.0002210729 -0.0004595863 -0.0079010439 -0.0044785798 0.0006080470 0.0000194006 0.0000123369 -0.0000106586 -0.0003143471 0.0001614014 0.0004761526 0.0000527760 0.0000209062 -0.0000343588 -0.0006660605 -0.0002195389 0.0007771932 0.0001421048 0.0000479692 -0.0000958388 -0.0016759630 -0.0007842207
 0.0198027116 0.0232484023 -0.0011561036 0.0010912754 0.0052954735 -0.0118199870 -0.0184904886 0.0058190295 -0.0099508204 -0.0045062127 0.0053124390 -0.0483456577 -0.4458339265 -0.2390555947 -0.0423724927 -0.0261009272 0.0000749624 9.6535471919 -0.1995697548 -0.0391220695 -0.0175201807 -0.0081002483 0.0003824455 -0.1357882304 -0.1398718524 -0.0133633101 -0.0113756970 -0.0049189425 0.0013726639 -0.0971099536 0.0495228164 0.0288373826 -0.0014053461 0.0018600550 0.0091599372 0.0043297616 -0.0499212776 0.0114475809 -0.0112249673 -0.0048009153 0.0093731685 -0.0690091894 -0.5652233639 -0.2310702064 -0.0401139370 -0.0256044061 0.0001742941 -0.4109292865 -0.2620030772 -0.0449660428 -0.0172716307 -0.0086049396 0.0006905325 -0.1731222069 -0.1848004066 -0.0168328373 -0.0114881763 -0.0052971327 0.0024147088 -0.1246068072 0.0482466690 0.0232512312 -0.0011261358 0.0020204201 0.0106325047 0.0118137741 -0.0490109968 0.0121029388 -0.0085831695 -0.0032129980 0.0110906804 -0.0545054898 -0.4699546532 -0.1506173042 -0.0254878913 -0.0169658929 0.0002354446 -0.3241532540 -0.2227126797 -0.0337841389 -0.0114117222 -0.0061043797 0.0008287871 -0.1432348290 -0.1572157375 -0.0132977926 -0.0077980577 -0.0037519663 0.0028458348 -0.1028310306 0.0161035329 0.0113778262 -0.0006011125 0.0013832221 0.0082827317 0.0032596755 0.0043205823 0.0080712220 -0.0044278287 -0.0011023091 0.0088035500 -0.0038121301 -0.2304470608 -0.0657962258 -0.0108727126 -0.0074605714 0.0002012684 -0.1513749828 -0.1091839335 -0.0165064331 -0.0050571140 -0.0028174206 0.0006640423 -0.0674491118 -0.0738465981 -0.0066395889 -0.0035607781 -0.0016671101 0.0022487725 -0.0458118105 -0.0148719445 0.0021747544 -0.0002280144 0.0005249935 0.0043304951 -0.0090628961 0.0681759747 0.0039238824 -0.0015377563 0.0001599121 0.0046890506 0.0463734168 -0.0237410082 -0.0184590885 -0.0031147790 -0.0019467321 0.0001123235 -0.0113813649 -0.0077432401 -0.0048800563 -0.0015041666 -0.0007228960 0.0003560266 -0.0017167127 0.0024221128 -0.0018901825 -0.0010959622 -0.0003454040 0.0011920301 0.0045317201
 -0.0032064847 0.0191923816 0.0027760761 0.0026932675 0.0051452078 -0.0032818549 -0.1611484556 0.0229185011 0.0106693889 0.0070414809 0.0089583769 -0.0617251621 -0.4197722042 -0.0039674015 0.0064508262 0.0001303654 0.0003258752 -0.1995697548 9.7350953693 -0.2198238635 -0.0169906515 -0.0164258994 0.0007149931 -0.2054165110 -0.2018727873 -0.1468761159 -0.0103401039 -0.0102785847 0.0020206112 -0.1494160280 0.0238840735 0.0246021215 0.0036542437 0.0037460881 0.0092339920 0.0162548839 -0.1904504808 0.0282177985 0.0135646106 0.0092330740 0.0162306321 -0.0649533846 -0.5256371246 -0.0116811905 0.0063915475 -0.0006442596 0.0005868061 -0.2516699905 -0.3172922474 -0.1999686029 -0.0145319103 -0.0148527490 0.0013161113 -0.2215020404 -0.2387264301 -0.1321730488 -0.0082331951 -0.0088464290 0.0036674877 -0.1591063649 0.0326989661 0.0207821989 0.0032775619 0.0034790164 0.0111256289 0.0253929836 -0.1322193212 0.0241860370 0.0117261226 0.0083823307 0.0197395928 -0.0299264987 -0.4278641987 -0.0141167475 0.0042879839 -0.0009958183 0.0007124504 -0.2027437946 -0.2504549300 -0.1229731214 -0.0081937414 -0.0090187922 0.0016135338 -0.1591369241 -0.1844469751 -0.0799768416 -0.0040708622 -0.0049366061 0.0044600524 -0.1107947200 0.0137571487 0.0110814191 0.0020044985 0.0021292863 0.0089979396 0.0149861256 -0.0193531944 0.0148689386 0.0069064596 0.0054140574 0.0161106158 0.0251287912 -0.2020260316 -0.0093100272 0.0019551694 -0.0005874801 0.0005818645 -0.0874173584 -0.1162570696 -0.0509965737 -0.0030105946 -0.0035943135 0.0013225305 -0.0659015096 -0.0797010593 -0.0323433186 -0.0011263171 -0.0016507845 0.0036367162 -0.0403911307 -0.0115759032 0.0029400114 0.0008300277 0.0007893349 0.0048841624 -0.0021130687 0.0711406817 0.0071193273 0.0027757664 0.0026661793 0.0088219777 0.0649252965 -0.0145506154 -0.0030179003 0.0006090300 0.0000293704 0.0003192486 0.0095822839 -0.0091089692 -0.0138766360 -0.0007037347 -0.0008096059 0.0007259888 0.0009502531 0.0029593999 -0.0084048032 -0.0000967810 -0.0001652815 0.0019888447 0.0092758788
