
 6.4580621991 -0.0954152652 0.0113553713 -0.0041308977 0.0043442011 -1.8331949132 -0.4757291672 0.1362151900 0.0245128960 0.0531132802 0.0118625620 -0.1987749696 0.3149984205 0.0283893117 0.0012891666 0.0057303386 0.0006504055 0.1508502906 0.1207374744 0.0227761246 0.0022441197 0.0063206641 0.0011017619 0.0595687300 -0.2718386184 0.0243580676 0.0054730546 0.0103969165 0.0025535905 -0.1367145527 -2.7924227020 -0.0035079580 0.0152263678 0.0093106126 0.0067228699 -1.3671487889 -0.2359998378 0.1533040853 0.0316557439 0.0704158572 0.0173283588 -0.0293163066 0.2336544484 0.0088285160 0.0015198122 0.0052654224 0.0009003139 0.1110113500 0.0976844880 0.0143456111 0.0028256556 0.0072411186 0.0015814307 0.0517610933 -0.1942835740 0.0283722749 0.0070653326 0.0142540027 0.0037468286 -0.0813839339 -1.0073539761 0.0807117694 0.0138705748 0.0197809012 0.0071965926 -0.3693538154 0.1095229873 0.1095126279 0.0279328908 0.0635247508 0.0175558591 0.1682044010 0.0481210733 -0.0158293209 0.0012129894 0.0027705851 0.0008612833 0.0192060555 0.0313761733 -0.0005478131 0.0024290622 0.0055655945 0.0015735892 0.0208381457 -0.0470273526 0.0198132183 0.0062269615 0.0131606259 0.0038130559 0.0058088407 0.2389983780 0.0797086962 0.0085632434 0.0179994690 0.0053087385 0.2805662689 0.2458573288 0.0451168884 0.0169080967 0.0390845891 0.0123273982 0.2130880910 -0.0910258574 -0.0237277992 0.0006585252 0.0004370036 0.0005710637 -0.0518875749 -0.0265638270 -0.0086079749 0.0014320433 0.0028064108 0.0010859729 -0.0102794852 0.0339273227 0.0062664344 0.0037571550 0.0081677203 0.0026887444 0.0440940350 0.4139723163 0.0247499109 0.0035046312 0.0088524095 0.0026859181 0.3172009081 0.1343316792 0.0022240826 0.0070202866 0.0160516330 0.0059826891 0.1113140349 -0.1238857883 -0.0163848007 0.0002444163 -0.0005185145 0.0002626278 -0.0703400545 -0.0498810156 -0.0078296130 0.0005797396 0.0008146969 0.0005188688 -0.0259175021 0.0176485917 -0.0030888444 0.0015454571 0.0032441156 0.0013097107 0.0230456027
 -0.0954152652 9.0438849286 -0.0294838275 -0.0459255433 0.0025276952 -0.0014401745 -0.0062149142 -0.5208567167 -0.0135344668 -0.0006646307 0.0072486649 -0.0804795882 0.0016686919 0.1331782911 0.0025580896 0.0087477748 0.0004155400 0.0196665353 0.0094400835 0.0339797243 0.0005073550 0.0044905207 0.0006831697 0.0094145275 -0.0072861913 -0.1227542301 -0.0039555593 -0.0010922240 0.0015553046 -0.0061734222 -0.1802211289 -1.1849220788 -0.0345999837 -0.0553955574 0.0038515138 -0.0851469641 0.0606573518 -0.6146886960 -0.0119775346 0.0046717554 0.0104018463 -0.0862549292 0.0207825693 0.1683473051 0.0033535933 0.0112205061 0.0005665035 0.0331811171 0.0252702835 0.0457448583 0.0010292341 0.0061079284 0.0009636134 0.0168117962 0.0038514696 -0.1457831460 -0.0038785574 -0.0001758948 0.0022417035 -0.0092781427 -0.1409389341 -0.9878976639 -0.0265572278 -0.0440907933 0.0040652479 -0.0953257110 0.1370763478 -0.4636655273 -0.0044099006 0.0108511764 0.0103465859 -0.0394022474 0.0216102249 0.1491695372 0.0030571816 0.0099602921 0.0005325214 0.0286919965 0.0293582201 0.0456923671 0.0013472321 0.0058453536 0.0009410873 0.0169331844 0.0204190474 -0.1102973874 -0.0020238538 0.0014017278 0.0022401188 -0.0037195664 -0.0032696345 -0.5451677689 -0.0130246315 -0.0223560388 0.0029632854 -0.0222484615 0.1374253674 -0.2151542238 0.0018946082 0.0118086299 0.0071375801 0.0043305455 -0.0064083742 0.0918462368 0.0019361966 0.0060289151 0.0003464122 0.0042887130 0.0122692682 0.0326303974 0.0011471186 0.0038738720 0.0006374337 0.0059667678 0.0221838384 -0.0507447841 -0.0001749756 0.0020968534 0.0015523689 0.0012591850 0.0925987131 -0.1876383687 -0.0038268297 -0.0062876731 0.0014854784 0.0410828011 0.0696197828 -0.0529055145 0.0030423288 0.0076460625 0.0034091467 0.0078980745 -0.0352910535 0.0385810776 0.0008500323 0.0023911973 0.0001562423 -0.0184377639 -0.0094004320 0.0161314021 0.0006422112 0.0017322251 0.0002992816 -0.0066274509 0.0084522098 -0.0115062476 0.0004538882 0.0015481918 0.0007445722 -0.0008981301
 0.0113553713 -0.0294838275 9.9456729625 -0.0087272317 0.0037976947 -0.0151674160 0.0308565794 -0.0230799104 -0.1816327768 -0.0237122897 0.0109579448 -0.0488185164 -0.0048425275 0.0077661469 -0.0119493632 -0.0011746924 0.0006278012 -0.0021758575 0.0000845819 0.0024396260 -0.0179815316 -0.0021467341 0.0010330308 -0.0041466280 0.0044829354 -0.0036309255 -0.0387033876 -0.0050635776 0.0023488004 -0.0100615904 0.0163851264 -0.0352248778 -0.0763460914 -0.0134938523 0.0056656245 -0.0218378931 0.0415420714 -0.0289090800 -0.2450246867 -0.0355990253 0.0154635017 -0.0676223035 -0.0059379668 0.0094803768 -0.0156513150 -0.0017287018 0.0008460508 -0.0033866514 0.0003911982 0.0029349143 -0.0239943897 -0.0031986190 0.0014352991 -0.0059186266 0.0063461388 -0.0044793483 -0.0523224789 -0.0076250216 0.0033283025 -0.0141300733 0.0147826758 -0.0281866120 -0.0742673738 -0.0144835357 0.0058610716 -0.0217942060 0.0384328049 -0.0229853158 -0.2270992813 -0.0369058594 0.0151089951 -0.0635574088 -0.0040979004 0.0082362245 -0.0139654086 -0.0017236991 0.0007843333 -0.0028069825 0.0010304596 0.0026880478 -0.0219359289 -0.0032748062 0.0013785370 -0.0053751922 0.0063272340 -0.0033252921 -0.0486208490 -0.0079254637 0.0032666053 -0.0132582147 0.0082445987 -0.0149093073 -0.0501326161 -0.0107392954 0.0041958500 -0.0151130655 0.0242196400 -0.0114667185 -0.1452928424 -0.0264317171 0.0102384169 -0.0408851553 -0.0009469080 0.0050748846 -0.0085295036 -0.0011742088 0.0005023419 -0.0009512631 0.0014330960 0.0018293392 -0.0138071817 -0.0023105705 0.0009177141 -0.0030443045 0.0044566557 -0.0013889925 -0.0312001923 -0.0056880728 0.0022236406 -0.0083317022 0.0027748959 -0.0048765699 -0.0234863615 -0.0054604923 0.0020708642 -0.0071955426 0.0104973208 -0.0033889294 -0.0643945366 -0.0130505043 0.0048089479 -0.0179434155 0.0009829073 0.0021979937 -0.0035836574 -0.0005484223 0.0002229367 0.0004603959 0.0012844324 0.0008934208 -0.0060093232 -0.0011231639 0.0004237118 -0.0009162480 0.0023361171 -0.0002041478 -0.0138732798 -0.0028118227 0.0010489324 -0.0034075552
 -0.0041308977 -0.0459255433 -0.0087272317 9.9339123526 -0.0169003929 -0.0219074986 0.0405448682 -0.0034511680 -0.0238577745 -0.2186152409 -0.0517292325 -0.0954189803 0.0055168814 0.0093597691 -0.0013091252 -0.0136504905 -0.0031026399 0.0006924343 0.0059358480 0.0045853371 -0.0022218069 -0.0212644921 -0.0049548360 -0.0058315626 0.0083834048 -0.0012722252 -0.0051347656 -0.0463700401 -0.0110438669 -0.0172739464 0.0022267953 -0.0554985081 -0.0127378135 -0.0867322567 -0.0243016967 -0.0325345213 0.0545648121 -0.0033680745 -0.0336870673 -0.2810015834 -0.0707493177 -0.1278658212 0.0040595571 0.0114813310 -0.0017916656 -0.0173276601 -0.0040877967 -0.0015450694 0.0063196943 0.0056836104 -0.0031041832 -0.0272071053 -0.0066889463 -0.0089992038 0.0108145919 -0.0013372459 -0.0072677828 -0.0596877054 -0.0151573971 -0.0242640787 0.0104883751 -0.0456842134 -0.0129157718 -0.0778820546 -0.0242246881 -0.0300244009 0.0544111647 -0.0006734152 -0.0329203292 -0.2452608495 -0.0667344052 -0.1131358371 0.0022368302 0.0099032448 -0.0016822554 -0.0148368673 -0.0036851214 -0.0023881801 0.0053281055 0.0050446846 -0.0029941876 -0.0235839757 -0.0062131622 -0.0084420045 0.0108771142 -0.0005880724 -0.0071204979 -0.0521925706 -0.0143552069 -0.0219135641 0.0130267454 -0.0254393860 -0.0090917338 -0.0480695689 -0.0167467474 -0.0171838961 0.0394487340 0.0017163728 -0.0223192209 -0.1459732151 -0.0435712479 -0.0662535706 0.0015644097 0.0059946122 -0.0010894145 -0.0085951979 -0.0022840669 -0.0012243252 0.0037409748 0.0031874496 -0.0020008635 -0.0139041544 -0.0039878722 -0.0048519621 0.0083254356 0.0001909145 -0.0048398451 -0.0311363121 -0.0094140066 -0.0127275505 0.0085225757 -0.0093543151 -0.0044288576 -0.0204752545 -0.0080141503 -0.0060261839 0.0202301655 0.0018791231 -0.0104987136 -0.0595269695 -0.0197283955 -0.0255736594 0.0014219033 0.0025253102 -0.0004885345 -0.0033812088 -0.0009776201 0.0001501487 0.0021648593 0.0014157052 -0.0009275876 -0.0056006270 -0.0017737678 -0.0015731536 0.0046330397 0.0003909299 -0.0022819687 -0.0127327050 -0.0042817262 -0.0046411691
 0.0043442011 0.0025276952 0.0037976947 -0.0169003929 9.9890079213 -0.0032322829 0.0083327035 0.0078840958 0.0119747996 -0.0436282416 -0.0240230105 -0.0168698534 0.0007704053 -0.0000468452 0.0007652307 -0.0022847349 -0.0010287918 0.0003909176 0.0009403374 0.0005084529 0.0011723796 -0.0039898161 -0.0020687977 -0.0009258236 0.0020278678 0.0015112949 0.0025633519 -0.0094364505 -0.0052687275 -0.0029196199 0.0076726198 0.0034677012 0.0054645986 -0.0269042747 -0.0189666027 -0.0085675146 0.0120847039 0.0101831469 0.0164869995 -0.0657414682 -0.0402446399 -0.0302699015 0.0005658826 0.0000283098 0.0010163134 -0.0032481382 -0.0016511575 -0.0002026356 0.0010936394 0.0006989919 0.0015932778 -0.0059030114 -0.0034249996 -0.0020846741 0.0028709365 0.0020003346 0.0035374069 -0.0142815262 -0.0088510519 -0.0057931794 0.0088842213 0.0030164024 0.0054551603 -0.0295458738 -0.0222030968 -0.0120920702 0.0132086697 0.0088427934 0.0156632950 -0.0686713554 -0.0460633254 -0.0353465428 0.0007608580 0.0001018464 0.0009238232 -0.0031976865 -0.0018251351 -0.0004268610 0.0012503738 0.0006443280 0.0014903307 -0.0060568460 -0.0038837051 -0.0025210272 0.0032275838 0.0017643825 0.0033697725 -0.0149803540 -0.0101527825 -0.0070153103 0.0066567314 0.0016088918 0.0037808609 -0.0222768709 -0.0175777840 -0.0105516240 0.0108835535 0.0051618824 0.0103067550 -0.0495924778 -0.0358637778 -0.0270746183 0.0014226286 0.0001172926 0.0005775636 -0.0021805769 -0.0013828827 0.0000832572 0.0013962603 0.0004042645 0.0009636970 -0.0043023198 -0.0030022735 -0.0017359039 0.0028708661 0.0010369132 0.0022239585 -0.0108584431 -0.0079176729 -0.0053479360 0.0028833671 0.0004242531 0.0018161001 -0.0114792617 -0.0093879569 -0.0061049078 0.0068105505 0.0020070694 0.0047064089 -0.0246578214 -0.0189232462 -0.0134482109 0.0018248182 0.0000855811 0.0002494574 -0.0010268055 -0.0007148407 0.0007075341 0.0013100487 0.0001765522 0.0004320691 -0.0021074553 -0.0015757710 -0.0005474696 0.0020026323 0.0003996030 0.0010185980 -0.0054153193 -0.0041827415 -0.0025047890
 -1.8331949132 -0.0014401745 -0.0151674160 -0.0219074986 -0.0032322829 8.4117826479 -0.0448757255 0.0101369393 -0.0271603013 -0.0402000393 -0.0090080794 -0.3544018981 0.1350306890 0.0284730129 -0.0007939762 -0.0003846457 -0.0005017991 0.0721448045 0.0611612541 0.0150617737 -0.0021453545 -0.0028391987 -0.0008411912 0.0108713450 -0.1163159002 0.0114867826 -0.0060772919 -0.0086276139 -0.0019358472 -0.1691122062 -1.4294855658 0.0077213630 -0.0186960842 -0.0243069095 -0.0049290550 -1.3604079141 0.0786528552 -0.0266849386 -0.0340682301 -0.0535745591 -0.0129838236 -0.3020348610 0.0680889486 0.0179759844 -0.0011008618 -0.0018547937 -0.0006883067 0.0405262014 0.0373899253 0.0076976419 -0.0027432615 -0.0044279292 -0.0011927017 -0.0006686723 -0.0833861057 0.0025653176 -0.0076306900 -0.0115436435 -0.0028024326 -0.1512461281 -0.4447184491 0.0217626173 -0.0155202034 -0.0177181127 -0.0052068840 -0.6146636175 0.2226380103 -0.0464190020 -0.0287974273 -0.0478965782 -0.0129741888 -0.1196104608 -0.0324681354 0.0009245089 -0.0010114469 -0.0027271865 -0.0006512264 -0.0104800568 -0.0009872172 -0.0019854408 -0.0023591371 -0.0044706908 -0.0011711720 -0.0128482732 -0.0094162410 -0.0053939277 -0.0064533827 -0.0103439495 -0.0028130034 -0.0744016701 0.2381140387 0.0212357178 -0.0087373260 -0.0085150198 -0.0037981670 -0.0156677153 0.2446556761 -0.0364465885 -0.0164659457 -0.0289888218 -0.0089902626 0.0215297684 -0.0863467987 -0.0078433966 -0.0006210822 -0.0023122584 -0.0004265112 -0.0410022187 -0.0251137588 -0.0058492718 -0.0013702370 -0.0030219434 -0.0007975818 -0.0180307026 0.0336846758 -0.0068403895 -0.0036926838 -0.0062968996 -0.0019577552 -0.0104364768 0.3030986527 0.0039500289 -0.0034075023 -0.0030985933 -0.0019049166 0.1395748193 0.1333668429 -0.0198849209 -0.0064160783 -0.0122013611 -0.0043115665 0.0383805448 -0.0824264240 -0.0069622821 -0.0002571280 -0.0013235758 -0.0001937168 -0.0427758055 -0.0304950813 -0.0045478797 -0.0005415052 -0.0014388374 -0.0003763956 -0.0177635086 0.0211916128 -0.0053097283 -0.0014442191 -0.0027275864 -0.0009426501 0.0044899510
 -0.4757291672 -0.0062149142 0.0308565794 0.0405448682 0.0083327035 -0.0448757255 6.5677387745 -0.4323402045 0.0893352342 0.1112796814 0.0270159501 -1.4348575001 -0.8273009390 -0.1267973917 0.0051362309 -0.0001747696 0.0016834354 -0.3693836290 -0.6322253591 -0.0917405172 0.0084583681 0.0073204983 0.0026234036 -0.2763677424 -0.9021735668 -0.1169562839 0.0191398785 0.0216195351 0.0057451454 -0.3728160025 -0.2795935018 0.0464141130 0.0382362750 0.0555921634 0.0114805339 0.0898101905 -2.5130675074 -0.1779380852 0.1129072357 0.1661394811 0.0357871404 -0.9434758947 -0.4199353286 -0.0375248398 0.0070659162 0.0084704992 0.0021748328 -0.1795371514 -0.3769601781 -0.0319714048 0.0109738472 0.0151434460 0.0034438037 -0.1531702043 -0.5925591230 -0.0394202365 0.0243262081 0.0349479218 0.0076311193 -0.2143182606 0.0095934255 0.0751197067 0.0316192232 0.0505890539 0.0109202081 0.1962954105 -0.7017627613 0.1414229437 0.0953591189 0.1616915770 0.0324767426 -0.1168495164 0.1244174233 0.0678808497 0.0064471444 0.0141435963 0.0019100761 0.0651099873 0.0061856020 0.0406100177 0.0095050504 0.0175817859 0.0030892199 0.0200859669 -0.0772428878 0.0527264554 0.0206553115 0.0358012552 0.0069483353 0.0175996105 0.0924973502 0.0491191337 0.0173628291 0.0301377076 0.0071942504 0.1588193674 0.3297513105 0.2372489921 0.0537813979 0.1035880137 0.0202873157 0.2779721522 0.2905976899 0.0938083788 0.0039174267 0.0117235357 0.0011453479 0.1285646694 0.1576584905 0.0602500873 0.0054997458 0.0125462055 0.0019027025 0.0784557690 0.1611829080 0.0756997487 0.0117072061 0.0236869879 0.0043573960 0.1033213366 -0.0239104621 0.0024209999 0.0062243822 0.0108687631 0.0032866571 0.0344139631 0.3017325016 0.1421763631 0.0202020419 0.0434523366 0.0087593469 0.1781819537 0.1296566724 0.0556914873 0.0015889152 0.0055564477 0.0004710897 0.0431609469 0.0812263682 0.0360683541 0.0021239796 0.0055720572 0.0008082884 0.0321894659 0.0927823186 0.0429610295 0.0044128931 0.0100145036 0.0018894864 0.0475454696
 0.1362151900 -0.5208567167 -0.0230799104 -0.0034511680 0.0078840958 0.0101369393 -0.4323402045 8.2471957800 -0.0341396049 -0.0014023466 0.0232832967 -0.4938957981 0.1068595873 -0.2983818739 -0.0029937998 -0.0084002996 0.0013534717 0.0175993113 0.0168365081 -0.2613213306 -0.0036283849 -0.0041204472 0.0022064406 -0.0274789491 -0.0239561598 -0.4387115363 -0.0087175966 -0.0035721496 0.0049807892 -0.0755560497 0.1431160280 -0.5887523443 -0.0234843170 0.0025810316 0.0116407961 -0.0093769941 -0.2103800320 -1.8777893142 -0.0300233742 0.0227765187 0.0325531924 -0.4236941149 0.1942191728 -0.2899113766 -0.0025746854 -0.0058374502 0.0018142483 0.0521415669 0.0737012721 -0.2652996618 -0.0031386747 -0.0012536773 0.0030406609 -0.0060691036 0.0436495923 -0.4623888525 -0.0079394532 0.0018043832 0.0069923495 -0.0536769143 0.1033477219 -0.4355866963 -0.0138094449 0.0096124782 0.0119201785 -0.0213532376 0.1006564768 -1.3339656659 -0.0120776561 0.0412491772 0.0314784165 -0.1927699749 0.2004222549 -0.1823259491 -0.0011676279 -0.0013870064 0.0016695542 0.0601241963 0.0995138424 -0.1768074407 -0.0012936350 0.0021209800 0.0028923088 0.0143174433 0.0944101576 -0.3218148324 -0.0036429144 0.0070368527 0.0067918275 -0.0133824614 0.0410814063 -0.2024706814 -0.0032842753 0.0111531614 0.0084541211 -0.0236062251 0.1930590062 -0.6208448645 0.0027474598 0.0374808064 0.0211021417 -0.0289806836 0.1046427466 -0.0726863861 -0.0000534810 0.0009346402 0.0010596073 0.0244052452 0.0619915681 -0.0762613367 0.0001881815 0.0029701656 0.0019052352 0.0093025244 0.0718610172 -0.1455408364 0.0001225110 0.0074120426 0.0045740473 0.0016217830 -0.0035882043 -0.0487583179 0.0011469506 0.0074962857 0.0041394133 -0.0205845145 0.0873562957 -0.1833644377 0.0058866300 0.0206728716 0.0098090501 -0.0036436438 -0.0013989891 -0.0180784042 0.0002431865 0.0007884747 0.0004654253 -0.0180805308 0.0052755339 -0.0208198436 0.0005150666 0.0017647384 0.0008703162 -0.0087721868 0.0141600575 -0.0408492165 0.0011442642 0.0043138428 0.0021356465 -0.0083698333
 0.0245128960 -0.0135344668 -0.1816327768 -0.0238577745 0.0119747996 -0.0271603013 0.0893352342 -0.0341396049 9.3037534592 -0.1059654740 0.0348024937 -0.1786742331 0.0004357374 0.0079010303 -0.0498343154 -0.0080857706 0.0020026452 -0.0071700155 0.0066622875 0.0016530979 -0.0711680084 -0.0111256182 0.0032859472 -0.0155278668 0.0171846720 -0.0038747392 -0.1473748362 -0.0222642385 0.0074549755 -0.0340736586 0.0374107607 -0.0136948053 -0.2367554819 -0.0307430763 0.0177650347 -0.0358658139 0.1150769999 -0.0415972857 -0.8918797095 -0.1359791654 0.0488824066 -0.2301008775 -0.0029629978 0.0099310299 -0.0632101270 -0.0103305120 0.0026898981 -0.0122823903 0.0069533029 0.0021718728 -0.0908139378 -0.0142492252 0.0045460122 -0.0214033882 0.0214566203 -0.0043569762 -0.1889329902 -0.0285654404 0.0105134853 -0.0449908522 0.0325404099 -0.0093483772 -0.2100441810 -0.0268836401 0.0182793268 -0.0330811599 0.1027433863 -0.0317988366 -0.7727238342 -0.1175636887 0.0475219268 -0.1961738629 -0.0026950338 0.0091608773 -0.0540055269 -0.0088287122 0.0024839247 -0.0109256736 0.0062220671 0.0024458503 -0.0782562160 -0.0122630006 0.0043455677 -0.0184230074 0.0190739809 -0.0026593090 -0.1638681133 -0.0246874332 0.0102662057 -0.0387193828 0.0137473465 -0.0045137210 -0.1274090287 -0.0160358635 0.0130228567 -0.0223356744 0.0629270485 -0.0150211213 -0.4542929842 -0.0686786291 0.0320402225 -0.1108449537 0.0011670373 0.0061049549 -0.0311431939 -0.0050504813 0.0015839355 -0.0044052433 0.0051679934 0.0020428723 -0.0456682610 -0.0071066131 0.0028786857 -0.0095464924 0.0121048785 -0.0006202344 -0.0964801899 -0.0144135865 0.0069530781 -0.0215854093 -0.0014741074 -0.0016840929 -0.0530996818 -0.0065726990 0.0064013291 -0.0119207820 0.0262749101 -0.0042311237 -0.1819686098 -0.0272146857 0.0149780365 -0.0411764382 0.0040759542 0.0028742926 -0.0121544327 -0.0019316227 0.0006997279 0.0008959306 0.0038636212 0.0011514422 -0.0181136992 -0.0027795353 0.0013227548 -0.0023387656 0.0056456410 0.0002060756 -0.0387192807 -0.0057065064 0.0032644895 -0.0074688986
 0.0531132802 -0.0006646307 -0.0237122897 -0.2186152409 -0.0436282416 -0.0402000393 0.1112796814 -0.0014023466 -0.1059654740 9.1951089818 -0.1584341884 -0.3587806710 0.0224873284 -0.0093794333 -0.0081856058 -0.0546220867 -0.0105701904 -0.0051012315 0.0182224550 -0.0045412124 -0.0111637510 -0.0806301004 -0.0157769757 -0.0270491722 0.0307955129 -0.0034462461 -0.0222855661 -0.1700476637 -0.0334630658 -0.0641298574 0.0711628643 0.0038706171 -0.0279428893 -0.2711587702 -0.0545665424 -0.0561852071 0.1497542137 0.0112232414 -0.1290446128 -0.9992242574 -0.1975830575 -0.4449643967 0.0205753250 -0.0080750645 -0.0100894233 -0.0677367264 -0.0131613349 -0.0124666576 0.0199675841 -0.0030379865 -0.0136645742 -0.1000635236 -0.0196637656 -0.0364270620 0.0381182070 -0.0004850494 -0.0270975290 -0.2110561461 -0.0417387541 -0.0821591496 0.0610308193 0.0055405369 -0.0212976856 -0.2253793819 -0.0458734421 -0.0498892245 0.1462382998 0.0200221557 -0.1038071060 -0.8311185077 -0.1654183308 -0.3595038031 0.0158784944 -0.0038319975 -0.0082783372 -0.0562770090 -0.0109938818 -0.0116897941 0.0174877741 -0.0004031666 -0.0110842544 -0.0832002139 -0.0164486515 -0.0302145085 0.0350474416 0.0025723902 -0.0217483892 -0.1755109949 -0.0349525088 -0.0672938306 0.0278841738 0.0028266044 -0.0102084333 -0.1255458913 -0.0259522809 -0.0308069291 0.1019037098 0.0170556447 -0.0546848487 -0.4630645912 -0.0930321033 -0.1868339607 0.0128130202 -0.0004683681 -0.0045045352 -0.0313077160 -0.0061629796 -0.0037857894 0.0129651896 0.0009887451 -0.0059202608 -0.0463345176 -0.0092395168 -0.0146673572 0.0237382898 0.0029699329 -0.0114160368 -0.0977675268 -0.0196642710 -0.0345911408 -0.0025387694 -0.0005162695 -0.0028760588 -0.0469239116 -0.0098961336 -0.0166428780 0.0494533766 0.0082809121 -0.0185729981 -0.1727798048 -0.0351800077 -0.0604624854 0.0103470037 0.0005189708 -0.0016157556 -0.0116480388 -0.0023197424 0.0025756258 0.0082013888 0.0008394900 -0.0020591405 -0.0172734152 -0.0034878397 -0.0029963856 0.0115301126 0.0015324361 -0.0038540830 -0.0364740750 -0.0074396930 -0.0104615775
 0.0118625620 0.0072486649 0.0109579448 -0.0517292325 -0.0240230105 -0.0090080794 0.0270159501 0.0232832967 0.0348024937 -0.1584341884 9.9402534911 -0.0583768465 0.0036336673 0.0002017650 0.0022360520 -0.0095313100 -0.0029931166 0.0004217695 0.0035852255 0.0016664655 0.0034138993 -0.0151876058 -0.0053900459 -0.0037221340 0.0067709929 0.0045613015 0.0074469769 -0.0338289973 -0.0129559858 -0.0102181640 0.0188507872 0.0096686025 0.0157357005 -0.0741724230 -0.0390702578 -0.0193884682 0.0350714476 0.0293457018 0.0478163829 -0.2161620915 -0.0922954124 -0.0891102215 0.0025750067 0.0003184823 0.0029637705 -0.0125341086 -0.0043669075 -0.0014639898 0.0036198093 0.0021295815 0.0046298649 -0.0204565281 -0.0081817286 -0.0066548788 0.0083541992 0.0058174249 0.0102548602 -0.0463160134 -0.0201014949 -0.0168223396 0.0199823338 0.0081911327 0.0156745838 -0.0737475245 -0.0436677057 -0.0246719623 0.0345098211 0.0248909456 0.0453174229 -0.2033115349 -0.0986609376 -0.0909448562 0.0020768105 0.0003376057 0.0026877285 -0.0112650757 -0.0044187645 -0.0019546151 0.0033147519 0.0018389333 0.0043201700 -0.0189458236 -0.0086055078 -0.0069893585 0.0081816786 0.0049573266 0.0097449634 -0.0437398242 -0.0215726365 -0.0177626527 0.0135110857 0.0042116540 0.0108403300 -0.0508760664 -0.0333795042 -0.0202982543 0.0261145319 0.0141785148 0.0297406617 -0.1323160571 -0.0727059793 -0.0620609499 0.0030986761 0.0002658806 0.0016758234 -0.0069478498 -0.0030991331 -0.0003085883 0.0032031080 0.0010837236 0.0027859813 -0.0121151476 -0.0062530604 -0.0042749260 0.0065655156 0.0028103289 0.0064143174 -0.0285925135 -0.0159509088 -0.0120792200 0.0046389815 0.0009896676 0.0051965174 -0.0243228622 -0.0173716424 -0.0115763990 0.0153284854 0.0053489219 0.0135435992 -0.0597056276 -0.0367646391 -0.0278237583 0.0039986295 0.0001696843 0.0007216695 -0.0029482439 -0.0015025295 0.0015059184 0.0028955604 0.0004427024 0.0012455127 -0.0053628518 -0.0031255380 -0.0011379074 0.0043081659 0.0010324868 0.0029298752 -0.0129600877 -0.0080877225 -0.0050717210
 -0.1987749696 -0.0804795882 -0.0488185164 -0.0954189803 -0.0168698534 -0.3544018981 -1.4348575001 -0.4938957981 -0.1786742331 -0.3587806710 -0.0583768465 8.7322305227 -0.3452450405 -0.0369152378 -0.0130011665 -0.0253799552 -0.0037921223 -0.2795835803 -0.2629414500 -0.0518246044 -0.0183541138 -0.0364694177 -0.0057553326 -0.2187594146 -0.3757285096 -0.1019203089 -0.0381055830 -0.0760585985 -0.0123658338 -0.3373360005 -0.0748017118 -0.0742190904 -0.0586927361 -0.1171499065 -0.0220513907 -0.3070397312 -0.8763967783 -0.4031578146 -0.2178679195 -0.4328840415 -0.0746744410 -1.0828913806 -0.0867669050 0.0184094601 -0.0156814062 -0.0269492662 -0.0047874657 -0.1648579331 -0.1020898176 -0.0191108156 -0.0223068424 -0.0422320133 -0.0073265340 -0.1515194423 -0.1832091214 -0.0672213508 -0.0463277249 -0.0906516922 -0.0158385924 -0.2628653252 0.0888635968 -0.0371952796 -0.0465669243 -0.0963948931 -0.0196799465 -0.1422374603 -0.0278615586 -0.1595065531 -0.1766831707 -0.3503079869 -0.0647717732 -0.5304166703 0.1786471209 0.0697758576 -0.0126184919 -0.0187346676 -0.0040789040 -0.0096349863 0.0823743143 0.0222679395 -0.0180542675 -0.0326938388 -0.0063135294 -0.0400854852 0.0639708004 -0.0057642280 -0.0374419191 -0.0724157605 -0.0137623944 -0.1032104838 0.1194830313 -0.0085403030 -0.0241676847 -0.0534462273 -0.0120489043 -0.0219292053 0.3254713520 0.0112801321 -0.0948531008 -0.1902483123 -0.0382427398 -0.1229842443 0.2010302433 0.0701407586 -0.0067502939 -0.0085197372 -0.0023513449 0.0399307551 0.1177463618 0.0342533612 -0.0096907477 -0.0169554968 -0.0036956229 0.0111698907 0.1338375460 0.0252872560 -0.0200170951 -0.0388389156 -0.0081445216 -0.0079631561 0.0292964644 -0.0047165855 -0.0080950055 -0.0204224601 -0.0050845595 -0.0058627744 0.1816348420 0.0405675310 -0.0334644618 -0.0696904015 -0.0154388661 -0.0226283303 0.0673834216 0.0376669265 -0.0023884159 -0.0026719630 -0.0009201942 0.0027729213 0.0447980155 0.0207910441 -0.0034277730 -0.0059906493 -0.0014755892 0.0002349060 0.0565244859 0.0193295974 -0.0070254040 -0.0141389194 -0.0032977457 -0.0027566193
 0.3149984205 0.0016686919 -0.0048425275 0.0055168814 0.0007704053 0.1350306890 -0.8273009390 0.1068595873 0.0004357374 0.0224873284 0.0036336673 -0.3452450405 8.0092327165 -0.1385484547 0.0003557848 -0.0139580368 0.0002683123 -0.9261485173 -0.9849924882 -0.0556593781 0.0002583344 -0.0048694437 0.0003768820 -0.4553013953 -0.7783281725 -0.0278042389 -0.0002263447 -0.0004590420 0.0007558164 -0.3563143724 0.2462223302 -0.0188170946 -0.0064991722 0.0047166520 0.0006942833 0.0894934671 -0.2568366654 0.2286903181 0.0000688061 0.0350891068 0.0040045085 -0.0791473044 -1.6891487308 -0.0813434535 0.0007286082 -0.0094685102 0.0003176682 -0.7807843914 -0.8024269705 -0.0198701492 0.0004253418 -0.0018551353 0.0004275622 -0.3678768255 -0.5862182467 0.0103609069 -0.0003035032 0.0030998253 0.0008266490 -0.2662893002 0.0425482375 -0.0375481684 -0.0060417686 0.0015427939 0.0002607747 -0.0126629250 0.3318244912 0.2703223413 -0.0006912484 0.0343498703 0.0027175821 0.1803404947 -0.8320240894 0.0007466836 0.0008210054 -0.0020405372 0.0002443829 -0.3764260986 -0.3602384786 0.0212525666 0.0004072603 0.0015661761 0.0003062708 -0.1605362513 -0.2170785733 0.0432788028 -0.0003575085 0.0052109623 0.0005520561 -0.0957707028 -0.1153637765 -0.0402665899 -0.0039262603 -0.0011964622 -0.0001114210 -0.0799453004 0.4185184083 0.1945408555 -0.0011116823 0.0213508444 0.0010164934 0.2039763022 -0.1655717727 0.0368182858 0.0005683567 0.0019224813 0.0001195242 -0.0646824170 -0.0438769500 0.0321157387 0.0002328216 0.0024762108 0.0001303338 -0.0138047101 0.0066631715 0.0421392744 -0.0003294271 0.0041332078 0.0001974521 0.0065571430 -0.1266706042 -0.0292457216 -0.0018057401 -0.0017893669 -0.0001812259 -0.0718791462 0.1871894302 0.0863384269 -0.0008706393 0.0082409833 0.0001084242 0.0866676943 0.0473042867 0.0273203894 0.0002507818 0.0018417818 0.0000353691 0.0307981792 0.0376141883 0.0194111383 0.0000759579 0.0014805522 0.0000266094 0.0216743199 0.0371553192 0.0214128619 -0.0002142548 0.0018538331 0.0000136787 0.0190330610
 0.0283893117 0.1331782911 0.0077661469 0.0093597691 -0.0000468452 0.0284730129 -0.1267973917 -0.2983818739 0.0079010303 -0.0093794333 0.0002017650 -0.0369152378 -0.1385484547 9.7464222465 -0.0020862527 -0.0129383668 0.0000202317 -0.0681484252 -0.0765256933 -0.1418823200 -0.0004955923 -0.0068572030 0.0000245503 -0.0363491226 -0.0655803376 -0.1247340394 0.0012677775 -0.0051752862 0.0000357496 -0.0268672665 0.0382130428 0.1617901385 0.0092729419 0.0111692249 -0.0001935842 0.0383458338 -0.0713893923 -0.2909986704 0.0099426750 -0.0078595139 -0.0000114648 -0.0034630393 -0.1158753757 -0.2654645304 -0.0021336550 -0.0133706195 0.0000172898 -0.0592787745 -0.0624571665 -0.1473389701 -0.0003883233 -0.0069771999 0.0000097003 -0.0301637561 -0.0479389858 -0.1251680154 0.0017198853 -0.0049192910 -0.0000132967 -0.0175209025 0.0210541765 0.1304104690 0.0073335466 0.0087118391 -0.0003245776 0.0255909321 0.0001469053 -0.1953494471 0.0080728156 -0.0045797807 -0.0003275409 0.0261122403 -0.0545363009 -0.1905163394 -0.0014999241 -0.0094465497 0.0000039627 -0.0295915900 -0.0280638048 -0.1050200915 -0.0002045927 -0.0048747944 -0.0000175953 -0.0137595226 -0.0168122497 -0.0864093865 0.0014588518 -0.0032469253 -0.0000813212 -0.0036674261 -0.0078935529 0.0690288951 0.0038129051 0.0043368630 -0.0003133415 0.0022689960 0.0285070430 -0.0925368631 0.0041889098 -0.0021077151 -0.0004408153 0.0281011572 -0.0056779273 -0.0942750007 -0.0007343294 -0.0045793279 -0.0000066506 -0.0041156256 -0.0020554085 -0.0517860798 -0.0000858499 -0.0023610733 -0.0000308403 -0.0009157699 0.0019714718 -0.0417158061 0.0007726549 -0.0015476427 -0.0001024875 0.0033246775 -0.0217810863 0.0230539075 0.0012828924 0.0012700234 -0.0001889301 -0.0103398932 0.0194404925 -0.0320265320 0.0013536365 -0.0008853214 -0.0003050568 0.0145013041 0.0101707600 -0.0323056772 -0.0002541118 -0.0015211445 -0.0000074145 0.0050174271 0.0055914463 -0.0178001459 -0.0000363035 -0.0007987781 -0.0000230094 0.0029977100 0.0046982335 -0.0144113593 0.0002483474 -0.0005604396 -0.0000693874 0.0031357782
 0.0012891666 0.0025580896 -0.0119493632 -0.0013091252 0.0007652307 -0.0007939762 0.0051362309 -0.0029937998 -0.0498343154 -0.0081856058 0.0022360520 -0.0130011665 0.0003557848 -0.0020862527 9.9962532035 -0.0008038312 0.0001290354 -0.0009712509 0.0005049838 -0.0012151446 -0.0051922062 -0.0009507870 0.0002113377 -0.0013780039 0.0010919822 -0.0009710305 -0.0105166292 -0.0017341643 0.0004787317 -0.0025294332 0.0018889446 0.0032087503 -0.0147233734 -0.0013431700 0.0011305073 -0.0008469216 0.0068292236 -0.0030236283 -0.0619259708 -0.0096696933 0.0031298650 -0.0156983202 0.0003543208 -0.0021317492 -0.0046707241 -0.0009662289 0.0001729173 -0.0012754799 0.0006199370 -0.0012440849 -0.0064607455 -0.0011337338 0.0002914731 -0.0017134058 0.0014252723 -0.0009314075 -0.0130622961 -0.0020361930 0.0006727709 -0.0030789541 0.0014102516 0.0026329990 -0.0120550295 -0.0007624510 0.0011585252 -0.0005966048 0.0061532529 -0.0019991328 -0.0513659883 -0.0073887638 0.0030313991 -0.0123022535 0.0003525412 -0.0014513450 -0.0038954671 -0.0007709565 0.0001592319 -0.0010082301 0.0005781180 -0.0008465571 -0.0053711807 -0.0008852387 0.0002776524 -0.0013497406 0.0012690332 -0.0005822654 -0.0108281008 -0.0015435777 0.0006544693 -0.0024090449 0.0002287294 0.0013791265 -0.0065286104 -0.0001305032 0.0008223489 -0.0003555649 0.0036976913 -0.0008576420 -0.0283816924 -0.0035517991 0.0020360965 -0.0061504389 0.0003667765 -0.0006525400 -0.0021713562 -0.0004046991 0.0001012168 -0.0004213790 0.0004225731 -0.0003795719 -0.0029785213 -0.0004448190 0.0001832561 -0.0006391734 0.0007607794 -0.0002360060 -0.0059776853 -0.0007326685 0.0004415770 -0.0011804116 -0.0005782271 0.0004147673 -0.0023209059 0.0001117256 0.0004029639 -0.0002836668 0.0014258075 -0.0002492943 -0.0104128699 -0.0010051385 0.0009484215 -0.0018889568 0.0003275643 -0.0001906036 -0.0008076644 -0.0001375073 0.0000445636 -0.0000065713 0.0002514762 -0.0001113226 -0.0010989862 -0.0001387773 0.0000839043 -0.0001407857 0.0002983667 -0.0000667744 -0.0021903014 -0.0002019732 0.0002065845 -0.0003354842
 0.0057303386 0.0087477748 -0.0011746924 -0.0136504905 -0.0022847349 -0.0003846457 -0.0001747696 -0.0084002996 -0.0080857706 -0.0546220867 -0.0095313100 -0.0253799552 -0.0139580368 -0.0129383668 -0.0008038312 9.9955592880 -0.0006808263 -0.0077048612 -0.0066585076 -0.0067637542 -0.0009434846 -0.0058300069 -0.0009744196 -0.0054387864 -0.0042254106 -0.0050485141 -0.0017054778 -0.0116864285 -0.0019981135 -0.0068018553 0.0066875340 0.0106442928 -0.0010464408 -0.0163360979 -0.0024529819 -0.0005923647 0.0062180214 -0.0062973633 -0.0091921559 -0.0663877123 -0.0110887446 -0.0277170994 -0.0121037544 -0.0132738726 -0.0009467554 -0.0053111971 -0.0008189245 -0.0073043346 -0.0053623593 -0.0067955762 -0.0010920041 -0.0070489971 -0.0011487769 -0.0054283641 -0.0024538889 -0.0046514068 -0.0019244209 -0.0141513659 -0.0023154668 -0.0070643842 0.0041315245 0.0084762737 -0.0003499633 -0.0128517851 -0.0015770004 -0.0008211541 0.0102434632 -0.0026959518 -0.0065791426 -0.0536089843 -0.0083241760 -0.0193145006 -0.0059485312 -0.0092695921 -0.0007357207 -0.0042619130 -0.0006494180 -0.0041229154 -0.0021732116 -0.0046403405 -0.0008142640 -0.0056842218 -0.0008819066 -0.0033441237 0.0000653586 -0.0028767173 -0.0013617957 -0.0113877398 -0.0017264181 -0.0046269906 0.0001190575 0.0042829543 0.0002405615 -0.0065697814 -0.0005031980 -0.0010949710 0.0085089373 -0.0005551714 -0.0027710891 -0.0286099972 -0.0039092346 -0.0081045514 -0.0006736311 -0.0044207918 -0.0003718159 -0.0022851118 -0.0003361212 -0.0008896067 0.0002222430 -0.0021683178 -0.0003772702 -0.0030425944 -0.0004317121 -0.0010245303 0.0012024819 -0.0012304930 -0.0005603008 -0.0060551608 -0.0008002047 -0.0017191270 -0.0021568143 0.0011994602 0.0003318615 -0.0021399853 0.0000163267 -0.0012050452 0.0041750973 -0.0000694224 -0.0005341103 -0.0100046651 -0.0010624173 -0.0017044025 0.0012305858 -0.0014410576 -0.0001188877 -0.0008132360 -0.0001114328 0.0005480644 0.0008469661 -0.0007006429 -0.0000987348 -0.0010729487 -0.0001286446 0.0001180587 0.0009234348 -0.0003998314 -0.0000987868 -0.0021081796 -0.0002106631 -0.0001956291
 0.0006504055 0.0004155400 0.0006278012 -0.0031026399 -0.0010287918 -0.0005017991 0.0016834354 0.0013534717 0.0020026452 -0.0105701904 -0.0029931166 -0.0037921223 0.0002683123 0.0000202317 0.0001290354 -0.0006808263 9.9998271588 -0.0000102926 0.0002431609 0.0001010475 0.0001966500 -0.0010386691 -0.0002829272 -0.0002625982 0.0004285894 0.0002675880 0.0004284033 -0.0022411941 -0.0006412759 -0.0006688663 0.0009323940 0.0005411864 0.0009006081 -0.0040984414 -0.0015304104 -0.0008695402 0.0020213445 0.0016755472 0.0027484552 -0.0136061652 -0.0042129290 -0.0051944308 0.0001869331 0.0000221729 0.0001708453 -0.0008632646 -0.0002324911 -0.0001261152 0.0002270293 0.0001235909 0.0002663963 -0.0013295601 -0.0003921506 -0.0004120381 0.0004813101 0.0003325877 0.0005892665 -0.0028897982 -0.0009062891 -0.0009709287 0.0008894673 0.0004478225 0.0008961377 -0.0037083599 -0.0015788217 -0.0009509287 0.0018176040 0.0013954460 0.0026014671 -0.0119003815 -0.0041046611 -0.0047163638 0.0001119816 0.0000165308 0.0001547364 -0.0007392735 -0.0002150197 -0.0001461764 0.0001760820 0.0001019890 0.0002482535 -0.0011539777 -0.0003755939 -0.0003886725 0.0004176223 0.0002760921 0.0005592403 -0.0025331861 -0.0008869068 -0.0009068828 0.0005159145 0.0002224890 0.0006190866 -0.0023098978 -0.0011274529 -0.0007034875 0.0012593333 0.0007789776 0.0017048695 -0.0071020232 -0.0027734037 -0.0028306161 0.0001317527 0.0000096276 0.0000963390 -0.0004285889 -0.0001373310 -0.0000429358 0.0001461880 0.0000571663 0.0001598606 -0.0006816128 -0.0002492970 -0.0002120565 0.0002987066 0.0001519011 0.0003675838 -0.0015161220 -0.0006019613 -0.0005407794 0.0000985616 0.0000461869 0.0002964681 -0.0009955891 -0.0005553064 -0.0003898463 0.0006837162 0.0002861409 0.0007752544 -0.0029056426 -0.0012990876 -0.0010971368 0.0001720510 0.0000054493 0.0000414203 -0.0001685419 -0.0000607635 0.0000621288 0.0001260718 0.0000219509 0.0000713585 -0.0002750876 -0.0001147647 -0.0000451668 0.0001805182 0.0000533936 0.0001676601 -0.0006224758 -0.0002831757 -0.0001929669
 0.1508502906 0.0196665353 -0.0021758575 0.0006924343 0.0003909176 0.0721448045 -0.3693836290 0.0175993113 -0.0071700155 -0.0051012315 0.0004217695 -0.2795835803 -0.9261485173 -0.0681484252 -0.0009712509 -0.0077048612 -0.0000102926 9.4682790690 -0.4576058669 -0.0304653038 -0.0009438555 -0.0039434040 0.0000205791 -0.2675531438 -0.3585183227 -0.0179935716 -0.0016983105 -0.0033528463 0.0001005098 -0.2185854508 0.1168554398 0.0145240497 -0.0023633748 0.0006304599 0.0008162291 0.0518739207 -0.0605928934 0.0696574167 -0.0078755709 -0.0011340229 0.0011733241 -0.1381786765 -0.7461670104 -0.0409078841 -0.0009618339 -0.0056174631 0.0000117913 -0.4470455686 -0.3512642140 -0.0139883293 -0.0009894703 -0.0026870235 0.0000795491 -0.2177958098 -0.2485608476 -0.0004424994 -0.0018267833 -0.0019827065 0.0002691664 -0.1678805009 0.0166021504 0.0013125384 -0.0015490888 0.0003255905 0.0010787556 0.0005629993 0.2154052684 0.0942432653 -0.0054028862 0.0033559204 0.0017602691 0.0211245292 -0.3348140779 -0.0015850590 -0.0006085691 -0.0017808323 0.0000388579 -0.2231469777 -0.1394485587 0.0061483069 -0.0006573487 -0.0005825158 0.0001310690 -0.1018852928 -0.0728346685 0.0157457542 -0.0012286104 0.0000271390 0.0003980128 -0.0704285356 -0.0598331913 -0.0087846790 -0.0005258679 -0.0000348796 0.0009249823 -0.0351883591 0.2192529972 0.0700876427 -0.0021242232 0.0042716970 0.0016159070 0.0604268287 -0.0486410840 0.0158560560 -0.0002311778 0.0004739355 0.0000448926 -0.0539030494 -0.0057459600 0.0125497473 -0.0002571311 0.0005296595 0.0001254512 -0.0201789433 0.0165816558 0.0165629623 -0.0004721944 0.0008920767 0.0003626836 -0.0104275559 -0.0628632581 -0.0100222138 -0.0000198561 -0.0002215590 0.0005211207 -0.0330618834 0.0812951354 0.0303864150 -0.0003280213 0.0024043249 0.0009479356 0.0203202334 0.0233359184 0.0118070317 -0.0000424769 0.0006708548 0.0000292826 0.0002497763 0.0176085147 0.0077771079 -0.0000447483 0.0004864736 0.0000752411 0.0020264142 0.0165577345 0.0083055581 -0.0000692416 0.0006164388 0.0002118450 0.0008509449
 0.1207374744 0.0094400835 0.0000845819 0.0059358480 0.0009403374 0.0611612541 -0.6322253591 0.0168365081 0.0066622875 0.0182224550 0.0035852255 -0.2629414500 -0.9849924882 -0.0765256933 0.0005049838 -0.0066585076 0.0002431609 -0.4576058669 9.4959302926 -0.0341686749 0.0007151807 -0.0018381359 0.0003594812 -0.2320489624 -0.4262191760 -0.0219008973 0.0012767897 0.0012861201 0.0007544257 -0.1924030996 0.1035332630 0.0045399163 -0.0001482001 0.0066712107 0.0011216453 0.0496224803 -0.3014060414 0.0903929247 0.0081698176 0.0278999740 0.0043662337 -0.1037643910 -0.8160179684 -0.0443120319 0.0008083358 -0.0039945410 0.0003004153 -0.3768301290 -0.4012525128 -0.0137384436 0.0009681357 0.0000937905 0.0004400876 -0.1828191401 -0.3148834605 0.0009816343 0.0016086439 0.0038646263 0.0009181359 -0.1393090127 0.0259893896 -0.0049327049 -0.0004540340 0.0046757648 0.0008776129 0.0082896395 0.1030031339 0.1319023470 0.0065188800 0.0272069826 0.0035283885 0.0764072094 -0.3785534887 0.0018750238 0.0008104301 -0.0001110643 0.0002474457 -0.1712784700 -0.1680485030 0.0107847336 0.0008537458 0.0018703517 0.0003581860 -0.0739129913 -0.1064926250 0.0226916111 0.0013112489 0.0048967207 0.0007409840 -0.0434812269 -0.0463647902 -0.0119508691 -0.0005471978 0.0017326707 0.0004440256 -0.0273442756 0.2186225073 0.1042188017 0.0033146523 0.0170873856 0.0018815844 0.1158424687 -0.0564384767 0.0218023361 0.0005238919 0.0016266699 0.0001355797 -0.0213770742 -0.0095893883 0.0179715663 0.0004900697 0.0019755423 0.0001930048 -0.0011693452 0.0145920513 0.0240440692 0.0006777104 0.0035487838 0.0003942451 0.0102787660 -0.0625966544 -0.0126023648 -0.0003888727 -0.0000390200 0.0001411226 -0.0329822168 0.1095700198 0.0485699571 0.0010203766 0.0068126938 0.0006559290 0.0539074419 0.0313143838 0.0158309453 0.0002211808 0.0012096301 0.0000492323 0.0172806918 0.0232217896 0.0110444317 0.0001813127 0.0010549113 0.0000683733 0.0122914079 0.0238765464 0.0125101008 0.0002100837 0.0015429130 0.0001368897 0.0121553119
