
 9.0502102218 -0.0218667402 -0.0000201930 -0.0050653961 -0.0000008440 -0.6456145552 -0.1948208594 -0.0064935297 -0.0000100862 -0.0011422560 -0.0000002243 -0.1279334194 -0.0008217995 -0.0000495417 -0.0000001065 -0.0000059588 -0.0000000015 -0.0004909482 -0.0146985270 -0.0004732323 -0.0000007104 -0.0000853227 -0.0000000165 -0.0096899097 -0.1127474455 -0.0029515549 -0.0000034505 -0.0006195934 -0.0000001093 -0.0758437622 -1.1134217445 -0.0293814352 -0.0000368163 -0.0061285474 -0.0000010869 -0.7518399809 -0.2309325321 -0.0101584888 -0.0000199842 -0.0014797550 -0.0000003292 -0.1474856099 -0.0008426250 -0.0000835245 -0.0000002145 -0.0000077841 -0.0000000024 -0.0004560184 -0.0172990896 -0.0007289406 -0.0000013998 -0.0001092040 -0.0000000238 -0.0111237763 -0.1325161957 -0.0042176709 -0.0000065729 -0.0007664003 -0.0000001478 -0.0879865183 -0.8085434566 -0.0266413959 -0.0000466430 -0.0047186577 -0.0000009284 -0.5416172648 -0.1593184226 -0.0108069198 -0.0000268338 -0.0012143140 -0.0000003255 -0.0969986804 0.0001076502 -0.0000827092 -0.0000002842 -0.0000037725 -0.0000000021 0.0001551073 -0.0116280694 -0.0007571008 -0.0000018683 -0.0000869979 -0.0000000230 -0.0071781343 -0.0942666369 -0.0040977545 -0.0000085925 -0.0006009065 -0.0000001337 -0.0614257176 -0.2236785862 -0.0140639950 -0.0000397287 -0.0016419739 -0.0000004339 -0.1481911985 -0.0100664269 -0.0068704256 -0.0000238756 -0.0003908973 -0.0000001816 -0.0011064343 0.0020040336 -0.0000212165 -0.0000002360 0.0000073009 0.0000000000 0.0012631814 -0.0000250874 -0.0004525433 -0.0000016460 -0.0000230578 -0.0000000118 0.0002607611 -0.0188722618 -0.0023483178 -0.0000074924 -0.0001975478 -0.0000000668 -0.0115123053 0.2235067666 -0.0009796044 -0.0000217265 0.0008860873 0.0000000349 0.1488265656 0.1126852436 -0.0012283742 -0.0000135377 0.0004090958 -0.0000000012 0.0734012298 0.0036252835 0.0000607531 -0.0000001049 0.0000182759 0.0000000026 0.0021449900 0.0094496882 -0.0000353955 -0.0000009124 0.0000377574 0.0000000016 0.0060255751 0.0402588693 -0.0002591182 -0.0000041725 0.0001553119 0.0000000042 0.0265156624
 -0.0218667402 9.9953342459 -0.0000151717 -0.0003282851 -0.0000001279 -0.0078459309 -0.0159206283 -0.0027989311 -0.0000088235 -0.0002087109 -0.0000000774 -0.0066264094 -0.0001643196 -0.0000301118 -0.0000000945 -0.0000022172 -0.0000000008 -0.0000669136 -0.0010878926 -0.0001945299 -0.0000006144 -0.0000144282 -0.0000000054 -0.0004480257 -0.0046071336 -0.0008800281 -0.0000028134 -0.0000639479 -0.0000000243 -0.0018103818 -0.0398155662 -0.0099034441 -0.0000328139 -0.0006691334 -0.0000002699 -0.0122316812 -0.0305682969 -0.0059234681 -0.0000190455 -0.0004285151 -0.0000001632 -0.0121151793 -0.0002613205 -0.0000616853 -0.0000002024 -0.0000042246 -0.0000000017 -0.0000935274 -0.0020473322 -0.0004104684 -0.0000013253 -0.0000293977 -0.0000000113 -0.0007941102 -0.0086506646 -0.0018644723 -0.0000060779 -0.0001308124 -0.0000000511 -0.0031247605 -0.0449956661 -0.0140351523 -0.0000475638 -0.0009003429 -0.0000003795 -0.0097762183 -0.0354265822 -0.0082968527 -0.0000275084 -0.0005690777 -0.0000002268 -0.0125324477 -0.0001059278 -0.0000798305 -0.0000002879 -0.0000044893 -0.0000000021 0.0000125300 -0.0022435019 -0.0005712374 -0.0000019118 -0.0000383609 -0.0000000156 -0.0007428655 -0.0098747990 -0.0026237731 -0.0000087918 -0.0001744187 -0.0000000714 -0.0029572748 -0.0239571238 -0.0131423203 -0.0000461350 -0.0007669093 -0.0000003506 0.0028494720 -0.0179276454 -0.0075295919 -0.0000264898 -0.0004566085 -0.0000002023 -0.0028997718 0.0004634013 -0.0000578451 -0.0000002677 -0.0000009794 -0.0000000014 0.0003181274 -0.0008095080 -0.0005103429 -0.0000018360 -0.0000292446 -0.0000000136 0.0000447083 -0.0049533524 -0.0024117835 -0.0000084922 -0.0001430047 -0.0000000645 -0.0001580705 0.0081943587 -0.0079610527 -0.0000298596 -0.0003695045 -0.0000002063 0.0167207936 0.0106071432 -0.0041798371 -0.0000168669 -0.0001670152 -0.0000001071 0.0105595291 0.0011132247 -0.0000093122 -0.0000001564 0.0000042135 0.0000000000 0.0006432449 0.0013444442 -0.0002708165 -0.0000011616 -0.0000080579 -0.0000000068 0.0010684700 0.0028096872 -0.0013894926 -0.0000054450 -0.0000586115 -0.0000000357 0.0034023701
 -0.0000201930 -0.0000151717 9.9999999459 -0.0000008539 -0.0000000004 0.0000091218 -0.0000399750 -0.0000092630 -0.0000000312 -0.0000006366 -0.0000000003 -0.0000141151 -0.0000004533 -0.0000000983 -0.0000000003 -0.0000000069 -0.0000000000 -0.0000001754 -0.0000026478 -0.0000006420 -0.0000000022 -0.0000000436 -0.0000000000 -0.0000008940 -0.0000086992 -0.0000028904 -0.0000000100 -0.0000001829 -0.0000000001 -0.0000017178 -0.0000708164 -0.0000333476 -0.0000001179 -0.0000019863 -0.0000000009 0.0000001524 -0.0000854628 -0.0000199874 -0.0000000678 -0.0000013699 -0.0000000005 -0.0000308333 -0.0000007442 -0.0000002050 -0.0000000007 -0.0000000135 -0.0000000000 -0.0000002538 -0.0000056040 -0.0000013826 -0.0000000047 -0.0000000935 -0.0000000000 -0.0000019324 -0.0000208379 -0.0000062861 -0.0000000217 -0.0000004056 -0.0000000002 -0.0000053605 -0.0001046738 -0.0000483323 -0.0000001719 -0.0000028862 -0.0000000013 -0.0000033716 -0.0001057879 -0.0000284440 -0.0000000986 -0.0000018825 -0.0000000008 -0.0000351888 -0.0000002817 -0.0000002708 -0.0000000010 -0.0000000149 -0.0000000000 0.0000000623 -0.0000065818 -0.0000019570 -0.0000000068 -0.0000001266 -0.0000000001 -0.0000019920 -0.0000270479 -0.0000090143 -0.0000000316 -0.0000005696 -0.0000000002 -0.0000063124 -0.0000661677 -0.0000460527 -0.0000001675 -0.0000026086 -0.0000000012 0.0000172120 -0.0000574662 -0.0000262485 -0.0000000955 -0.0000015680 -0.0000000007 -0.0000092320 0.0000014641 -0.0000002040 -0.0000000010 -0.0000000041 -0.0000000000 0.0000009963 -0.0000025720 -0.0000017812 -0.0000000066 -0.0000001008 -0.0000000000 0.0000001590 -0.0000150704 -0.0000084302 -0.0000000307 -0.0000004896 -0.0000000002 0.0000001244 0.0000167708 -0.0000284349 -0.0000001089 -0.0000013688 -0.0000000007 0.0000473252 0.0000290870 -0.0000149637 -0.0000000613 -0.0000006335 -0.0000000004 0.0000307160 0.0000034879 -0.0000000450 -0.0000000006 0.0000000124 -0.0000000000 0.0000020070 0.0000039494 -0.0000009766 -0.0000000042 -0.0000000327 -0.0000000000 0.0000031923 0.0000072607 -0.0000049735 -0.0000000198 -0.0000002209 -0.0000000001 0.0000097718
 -0.0050653961 -0.0003282851 -0.0000008539 9.9999622199 -0.0000000100 -0.0030843651 -0.0016249793 -0.0001695897 -0.0000004901 -0.0000153993 -0.0000000049 -0.0008710442 -0.0000118521 -0.0000017424 -0.0000000052 -0.0000001381 -0.0000000000 -0.0000054766 -0.0001168077 -0.0000118785 -0.0000000342 -0.0000010910 -0.0000000003 -0.0000632200 -0.0007043687 -0.0000570776 -0.0000001572 -0.0000058366 -0.0000000017 -0.0004078696 -0.0066622613 -0.0006258087 -0.0000018178 -0.0000595474 -0.0000000182 -0.0037496840 -0.0025241729 -0.0003438286 -0.0000010500 -0.0000280043 -0.0000000097 -0.0012330056 -0.0000169194 -0.0000034922 -0.0000000112 -0.0000002482 -0.0000000001 -0.0000067011 -0.0001766933 -0.0000239307 -0.0000000731 -0.0000019532 -0.0000000007 -0.0000868827 -0.0009932273 -0.0001124167 -0.0000003358 -0.0000098525 -0.0000000032 -0.0005255159 -0.0056596422 -0.0008243238 -0.0000026065 -0.0000654409 -0.0000000232 -0.0027502463 -0.0024742814 -0.0004671170 -0.0000015077 -0.0000340476 -0.0000000129 -0.0010442150 -0.0000050297 -0.0000044098 -0.0000000158 -0.0000002447 -0.0000000001 0.0000012593 -0.0001631188 -0.0000322158 -0.0000001048 -0.0000023165 -0.0000000009 -0.0000678482 -0.0008966970 -0.0001504956 -0.0000004818 -0.0000113815 -0.0000000042 -0.0004064930 -0.0021548694 -0.0007264798 -0.0000025048 -0.0000458426 -0.0000000196 -0.0004702275 -0.0009586958 -0.0004114463 -0.0000014432 -0.0000248684 -0.0000000110 -0.0001529183 0.0000319699 -0.0000030285 -0.0000000146 -0.0000000191 -0.0000000001 0.0000214925 -0.0000415435 -0.0000278311 -0.0000001000 -0.0000015842 -0.0000000007 0.0000033508 -0.0003317538 -0.0001323780 -0.0000004619 -0.0000080986 -0.0000000036 -0.0000559334 0.0013453526 -0.0004086304 -0.0000016044 -0.0000150978 -0.0000000103 0.0014726010 0.0010101807 -0.0002174098 -0.0000009116 -0.0000067716 -0.0000000054 0.0008447889 0.0000719393 -0.0000002119 -0.0000000084 0.0000002918 0.0000000000 0.0000417820 0.0001079476 -0.0000138978 -0.0000000627 -0.0000002506 -0.0000000003 0.0000796459 0.0003106924 -0.0000716663 -0.0000002935 -0.0000023300 -0.0000000018 0.0002840677
 -0.0000008440 -0.0000001279 -0.0000000004 -0.0000000100 10.0000000000 -0.0000003928 -0.0000004665 -0.0000000746 -0.0000000002 -0.0000000057 -0.0000000000 -0.0000002080 -0.0000000044 -0.0000000008 -0.0000000000 -0.0000000001 -0.0000000000 -0.0000000019 -0.0000000323 -0.0000000052 -0.0000000000 -0.0000000004 -0.0000000000 -0.0000000144 -0.0000001518 -0.0000000238 -0.0000000001 -0.0000000018 -0.0000000000 -0.0000000689 -0.0000013562 -0.0000002668 -0.0000000009 -0.0000000192 -0.0000000000 -0.0000005376 -0.0000008545 -0.0000001570 -0.0000000005 -0.0000000115 -0.0000000000 -0.0000003551 -0.0000000069 -0.0000000016 -0.0000000000 -0.0000000001 -0.0000000000 -0.0000000025 -0.0000000577 -0.0000000109 -0.0000000000 -0.0000000008 -0.0000000000 -0.0000000237 -0.0000002619 -0.0000000498 -0.0000000002 -0.0000000036 -0.0000000000 -0.0000001064 -0.0000014006 -0.0000003740 -0.0000000013 -0.0000000248 -0.0000000000 -0.0000004125 -0.0000009594 -0.0000002192 -0.0000000007 -0.0000000151 -0.0000000000 -0.0000003513 -0.0000000026 -0.0000000021 -0.0000000000 -0.0000000001 -0.0000000000 0.0000000004 -0.0000000612 -0.0000000151 -0.0000000001 -0.0000000010 -0.0000000000 -0.0000000212 -0.0000002824 -0.0000000696 -0.0000000002 -0.0000000047 -0.0000000000 -0.0000000943 -0.0000006843 -0.0000003472 -0.0000000012 -0.0000000205 -0.0000000000 0.0000000297 -0.0000004650 -0.0000001984 -0.0000000007 -0.0000000120 -0.0000000000 -0.0000000749 0.0000000126 -0.0000000015 -0.0000000000 -0.0000000000 -0.0000000000 0.0000000086 -0.0000000208 -0.0000000134 -0.0000000000 -0.0000000008 -0.0000000000 0.0000000013 -0.0000001333 -0.0000000636 -0.0000000002 -0.0000000038 -0.0000000000 -0.0000000075 0.0000002790 -0.0000002083 -0.0000000008 -0.0000000094 -0.0000000000 0.0000004760 0.0000003072 -0.0000001096 -0.0000000004 -0.0000000043 -0.0000000000 0.0000002942 0.0000000298 -0.0000000002 -0.0000000000 0.0000000001 0.0000000000 0.0000000172 0.0000000375 -0.0000000071 -0.0000000000 -0.0000000002 -0.0000000000 0.0000000294 0.0000000845 -0.0000000364 -0.0000000001 -0.0000000015 -0.0000000000 0.0000000957
 -0.6456145552 -0.0078459309 0.0000091218 -0.0030843651 -0.0000003928 9.5470166863 -0.1083286411 0.0002852658 0.0000068859 -0.0004357695 -0.0000000245 -0.0790958673 -0.0002328286 0.0000202992 0.0000000800 0.0000000688 0.0000000005 -0.0002077749 -0.0083986184 0.0000046147 0.0000004749 -0.0000346778 -0.0000000023 -0.0060984063 -0.0724022619 -0.0005962375 0.0000019715 -0.0003314170 -0.0000000367 -0.0513463347 -0.7290154462 -0.0044719355 0.0000242732 -0.0032579982 -0.0000003305 -0.5218451955 -0.1050167017 0.0030211519 0.0000157736 -0.0002822320 0.0000000473 -0.0822856445 -0.0000311921 0.0000519150 0.0000001755 0.0000025202 0.0000000013 -0.0001200524 -0.0083405227 0.0001924556 0.0000010936 -0.0000248390 0.0000000025 -0.0064410156 -0.0786734756 0.0001665924 0.0000047945 -0.0003184584 -0.0000000189 -0.0575746346 -0.4964230113 0.0044083034 0.0000395998 -0.0018358803 -0.0000000338 -0.3743012691 -0.0435366685 0.0064783009 0.0000237512 0.0001501110 0.0000001546 -0.0450178607 0.0003627183 0.0000815073 0.0000002563 0.0000056655 0.0000000022 0.0001174133 -0.0038310290 0.0004376513 0.0000016511 0.0000064446 0.0000000102 -0.0036879237 -0.0484338258 0.0015138137 0.0000074716 -0.0001237710 0.0000000247 -0.0386865414 -0.1109192435 0.0120060514 0.0000421358 0.0001565392 0.0000002745 -0.1132919257 0.0300658293 0.0077828084 0.0000238347 0.0005229994 0.0000002098 0.0053250428 0.0006159177 0.0000817131 0.0000002492 0.0000067233 0.0000000023 0.0003182641 0.0017580070 0.0005363783 0.0000016593 0.0000347401 0.0000000144 0.0001440918 -0.0032632020 0.0023772341 0.0000076972 0.0001083042 0.0000000602 -0.0080051569 0.1513099324 0.0127950039 0.0000301051 0.0012872336 0.0000003717 0.0750498244 0.0629280096 0.0059998354 0.0000160594 0.0005686251 0.0000001733 0.0328228413 0.0005127377 0.0000517247 0.0000001603 0.0000047584 0.0000000015 0.0003193467 0.0043934409 0.0004172169 0.0000011184 0.0000396124 0.0000000121 0.0023088195 0.0244369351 0.0021310479 0.0000053296 0.0002109196 0.0000000619 0.0125744737
 -0.1948208594 -0.0159206283 -0.0000399750 -0.0016249793 -0.0000004665 -0.1083286411 9.9090777729 -0.0095326348 -0.0000244701 -0.0008668754 -0.0000002708 -0.0453261398 -0.0009034107 -0.0001091616 -0.0000002794 -0.0000093624 -0.0000000031 -0.0004139523 -0.0064161414 -0.0006671613 -0.0000017087 -0.0000608904 -0.0000000190 -0.0032115848 -0.0320423248 -0.0029982117 -0.0000076280 -0.0002868548 -0.0000000863 -0.0168762356 -0.2582000986 -0.0305491032 -0.0000839687 -0.0026364166 -0.0000008620 -0.1256152041 -0.1556508783 -0.0191868691 -0.0000515081 -0.0016303494 -0.0000005378 -0.0726638318 -0.0015834259 -0.0002179545 -0.0000005834 -0.0000177642 -0.0000000060 -0.0006974401 -0.0107728816 -0.0013369757 -0.0000035932 -0.0001133017 -0.0000000375 -0.0050211786 -0.0485640612 -0.0059102989 -0.0000160416 -0.0005045684 -0.0000001661 -0.0230327135 -0.2197626365 -0.0401579527 -0.0001187598 -0.0029663823 -0.0000010997 -0.0815659385 -0.1777103285 -0.0258968300 -0.0000727437 -0.0020645051 -0.0000007177 -0.0775059858 -0.0015297876 -0.0002808442 -0.0000008111 -0.0000207379 -0.0000000077 -0.0006166053 -0.0118927334 -0.0017926568 -0.0000050668 -0.0001412031 -0.0000000496 -0.0051149302 -0.0490218877 -0.0078842894 -0.0000226676 -0.0006071605 -0.0000002173 -0.0200781635 -0.0810265541 -0.0352174322 -0.0001126145 -0.0021346718 -0.0000009338 0.0048550692 -0.1173196583 -0.0229018175 -0.0000686149 -0.0016580855 -0.0000006249 -0.0448070910 -0.0000831943 -0.0002146885 -0.0000007396 -0.0000112805 -0.0000000056 0.0001222802 -0.0070719469 -0.0015629950 -0.0000047647 -0.0001092451 -0.0000000424 -0.0024986768 -0.0265593802 -0.0069383187 -0.0000214256 -0.0004648193 -0.0000001868 -0.0069562700 0.0583099371 -0.0197875610 -0.0000712136 -0.0007654293 -0.0000004962 0.0729198572 -0.0155959536 -0.0125734872 -0.0000428249 -0.0007049979 -0.0000003308 0.0037267075 0.0019067458 -0.0000638654 -0.0000004256 0.0000047676 -0.0000000012 0.0010948201 0.0004772720 -0.0008252165 -0.0000029537 -0.0000399731 -0.0000000213 0.0011226740 0.0031140346 -0.0038320673 -0.0000134422 -0.0001821723 -0.0000000985 0.0073497734
 -0.0064935297 -0.0027989311 -0.0000092630 -0.0001695897 -0.0000000746 0.0002852658 -0.0095326348 9.9982102774 -0.0000055125 -0.0001309245 -0.0000000492 -0.0035945146 -0.0001153540 -0.0000200446 -0.0000000604 -0.0000015030 -0.0000000006 -0.0000463386 -0.0006416170 -0.0001243260 -0.0000003840 -0.0000090094 -0.0000000034 -0.0002352566 -0.0022133544 -0.0005474871 -0.0000017399 -0.0000371141 -0.0000000148 -0.0006063252 -0.0165416468 -0.0060299476 -0.0000200060 -0.0003757803 -0.0000001616 -0.0015015574 -0.0194393602 -0.0037887223 -0.0000118582 -0.0002739352 -0.0000001040 -0.0073169902 -0.0001958265 -0.0000410289 -0.0000001287 -0.0000029060 -0.0000000011 -0.0000723741 -0.0012935934 -0.0002626162 -0.0000008256 -0.0000187633 -0.0000000072 -0.0004714144 -0.0047775978 -0.0011674349 -0.0000037491 -0.0000793396 -0.0000000317 -0.0014010268 -0.0217886937 -0.0085914020 -0.0000289323 -0.0005276771 -0.0000002301 -0.0013865424 -0.0236824322 -0.0053001796 -0.0000170709 -0.0003683362 -0.0000001447 -0.0082801376 -0.0001242948 -0.0000534227 -0.0000001825 -0.0000032333 -0.0000000014 -0.0000198823 -0.0015081900 -0.0003653253 -0.0000011871 -0.0000248686 -0.0000000099 -0.0004930035 -0.0059264328 -0.0016453484 -0.0000054077 -0.0001083859 -0.0000000445 -0.0015406069 -0.0125394910 -0.0080519318 -0.0000279861 -0.0004613383 -0.0000002138 0.0035844409 -0.0136732335 -0.0048112236 -0.0000163907 -0.0003013787 -0.0000001295 -0.0029648578 0.0002101858 -0.0000399775 -0.0000001695 -0.0000011436 -0.0000000010 0.0001579671 -0.0006909199 -0.0003269676 -0.0000011368 -0.0000194815 -0.0000000087 -0.0000587133 -0.0033452824 -0.0015129231 -0.0000052085 -0.0000907971 -0.0000000404 -0.0001625294 0.0042747207 -0.0048770514 -0.0000180588 -0.0002296282 -0.0000001264 0.0097944565 0.0039662954 -0.0026911768 -0.0000104139 -0.0001197089 -0.0000000695 0.0051455590 0.0006099009 -0.0000092305 -0.0000000995 0.0000020977 -0.0000000001 0.0003558803 0.0006299745 -0.0001756657 -0.0000007179 -0.0000062544 -0.0000000044 0.0005528773 0.0011945210 -0.0008747107 -0.0000033309 -0.0000393450 -0.0000000226 0.0018019431
 -0.0000100862 -0.0000088235 -0.0000000312 -0.0000004901 -0.0000000002 0.0000068859 -0.0000244701 -0.0000055125 9.9999999818 -0.0000003820 -0.0000000002 -0.0000085782 -0.0000002906 -0.0000000597 -0.0000000002 -0.0000000042 -0.0000000000 -0.0000001131 -0.0000016223 -0.0000003822 -0.0000000013 -0.0000000262 -0.0000000000 -0.0000005433 -0.0000051385 -0.0000017032 -0.0000000058 -0.0000001079 -0.0000000000 -0.0000009339 -0.0000396511 -0.0000193741 -0.0000000679 -0.0000011485 -0.0000000005 0.0000018591 -0.0000523207 -0.0000118570 -0.0000000395 -0.0000008200 -0.0000000003 -0.0000188563 -0.0000004852 -0.0000001242 -0.0000000004 -0.0000000083 -0.0000000000 -0.0000001693 -0.0000034384 -0.0000008206 -0.0000000028 -0.0000000560 -0.0000000000 -0.0000011853 -0.0000124557 -0.0000036953 -0.0000000126 -0.0000002395 -0.0000000001 -0.0000031352 -0.0000597056 -0.0000280145 -0.0000000988 -0.0000016697 -0.0000000008 -0.0000004915 -0.0000648838 -0.0000168197 -0.0000000574 -0.0000011236 -0.0000000005 -0.0000217154 -0.0000002281 -0.0000001638 -0.0000000006 -0.0000000092 -0.0000000000 0.0000000099 -0.0000040585 -0.0000011578 -0.0000000040 -0.0000000756 -0.0000000000 -0.0000012426 -0.0000162308 -0.0000052838 -0.0000000183 -0.0000003357 -0.0000000001 -0.0000037729 -0.0000374175 -0.0000266048 -0.0000000961 -0.0000015043 -0.0000000007 0.0000109694 -0.0000359797 -0.0000154716 -0.0000000555 -0.0000009336 -0.0000000004 -0.0000063197 0.0000008049 -0.0000001238 -0.0000000006 -0.0000000029 -0.0000000000 0.0000005615 -0.0000016693 -0.0000010505 -0.0000000039 -0.0000000601 -0.0000000000 0.0000000295 -0.0000091356 -0.0000049246 -0.0000000178 -0.0000002876 -0.0000000001 -0.0000000210 0.0000106491 -0.0000163516 -0.0000000624 -0.0000007832 -0.0000000004 0.0000279500 0.0000159197 -0.0000087891 -0.0000000356 -0.0000003773 -0.0000000002 0.0000175303 0.0000020149 -0.0000000286 -0.0000000003 0.0000000070 -0.0000000000 0.0000011639 0.0000022339 -0.0000005740 -0.0000000025 -0.0000000196 -0.0000000000 0.0000018368 0.0000041118 -0.0000028926 -0.0000000114 -0.0000001290 -0.0000000001 0.0000056532
 -0.0011422560 -0.0002087109 -0.0000006366 -0.0000153993 -0.0000000057 -0.0004357695 -0.0008668754 -0.0001309245 -0.0000003820 9.9999897059 -0.0000000036 -0.0003728206 -0.0000096874 -0.0000014781 -0.0000000042 -0.0000001159 -0.0000000000 -0.0000041045 -0.0000595875 -0.0000091159 -0.0000000266 -0.0000007136 -0.0000000003 -0.0000254238 -0.0002466664 -0.0000403713 -0.0000001201 -0.0000030872 -0.0000000011 -0.0001012672 -0.0019191609 -0.0004339002 -0.0000013647 -0.0000301043 -0.0000000118 -0.0005988309 -0.0016432785 -0.0002729008 -0.0000008167 -0.0000207655 -0.0000000075 -0.0006771116 -0.0000166573 -0.0000030012 -0.0000000090 -0.0000002226 -0.0000000001 -0.0000066265 -0.0001110972 -0.0000189463 -0.0000000569 -0.0000014292 -0.0000000005 -0.0000450468 -0.0004465721 -0.0000840422 -0.0000002571 -0.0000061452 -0.0000000023 -0.0001675365 -0.0020268604 -0.0006040002 -0.0000019620 -0.0000391988 -0.0000000163 -0.0004095401 -0.0019519439 -0.0003776693 -0.0000011695 -0.0000273770 -0.0000000104 -0.0007464847 -0.0000128018 -0.0000038935 -0.0000000126 -0.0000002516 -0.0000000001 -0.0000036182 -0.0001267393 -0.0000260645 -0.0000000814 -0.0000018561 -0.0000000007 -0.0000465469 -0.0005071556 -0.0001165452 -0.0000003688 -0.0000080497 -0.0000000032 -0.0001623684 -0.0009770869 -0.0005558145 -0.0000018880 -0.0000323454 -0.0000000147 0.0002038506 -0.0011887645 -0.0003401429 -0.0000011174 -0.0000222585 -0.0000000092 -0.0003386656 0.0000102929 -0.0000029309 -0.0000000117 -0.0000001056 -0.0000000001 0.0000085351 -0.0000649040 -0.0000231439 -0.0000000775 -0.0000014475 -0.0000000006 -0.0000134665 -0.0002817351 -0.0001058233 -0.0000003534 -0.0000065574 -0.0000000028 -0.0000373442 0.0004608967 -0.0003300976 -0.0000012120 -0.0000148476 -0.0000000085 0.0008038415 0.0001359650 -0.0001891550 -0.0000007065 -0.0000090248 -0.0000000049 0.0002776787 0.0000389867 -0.0000007351 -0.0000000068 0.0000001267 -0.0000000000 0.0000226869 0.0000340001 -0.0000123651 -0.0000000487 -0.0000004845 -0.0000000003 0.0000328447 0.0000736457 -0.0000604025 -0.0000002249 -0.0000027582 -0.0000000016 0.0001225105
 -0.0000002243 -0.0000000774 -0.0000000003 -0.0000000049 -0.0000000000 -0.0000000245 -0.0000002708 -0.0000000492 -0.0000000002 -0.0000000036 10.0000000000 -0.0000001053 -0.0000000032 -0.0000000005 -0.0000000000 -0.0000000000 -0.0000000000 -0.0000000013 -0.0000000183 -0.0000000034 -0.0000000000 -0.0000000003 -0.0000000000 -0.0000000070 -0.0000000662 -0.0000000151 -0.0000000000 -0.0000000010 -0.0000000000 -0.0000000205 -0.0000005023 -0.0000001659 -0.0000000005 -0.0000000105 -0.0000000000 -0.0000000757 -0.0000005444 -0.0000001039 -0.0000000003 -0.0000000076 -0.0000000000 -0.0000002090 -0.0000000054 -0.0000000011 -0.0000000000 -0.0000000001 -0.0000000000 -0.0000000020 -0.0000000363 -0.0000000072 -0.0000000000 -0.0000000005 -0.0000000000 -0.0000000136 -0.0000001370 -0.0000000321 -0.0000000001 -0.0000000022 -0.0000000000 -0.0000000427 -0.0000006272 -0.0000002356 -0.0000000008 -0.0000000146 -0.0000000000 -0.0000000601 -0.0000006603 -0.0000001453 -0.0000000005 -0.0000000101 -0.0000000000 -0.0000002353 -0.0000000036 -0.0000000015 -0.0000000000 -0.0000000001 -0.0000000000 -0.0000000007 -0.0000000422 -0.0000000100 -0.0000000000 -0.0000000007 -0.0000000000 -0.0000000141 -0.0000001668 -0.0000000451 -0.0000000001 -0.0000000030 -0.0000000000 -0.0000000455 -0.0000003483 -0.0000002204 -0.0000000008 -0.0000000126 -0.0000000000 0.0000000934 -0.0000003852 -0.0000001319 -0.0000000004 -0.0000000083 -0.0000000000 -0.0000000889 0.0000000055 -0.0000000011 -0.0000000000 -0.0000000000 -0.0000000000 0.0000000042 -0.0000000197 -0.0000000090 -0.0000000000 -0.0000000005 -0.0000000000 -0.0000000022 -0.0000000938 -0.0000000414 -0.0000000001 -0.0000000025 -0.0000000000 -0.0000000061 0.0000001271 -0.0000001332 -0.0000000005 -0.0000000062 -0.0000000000 0.0000002740 0.0000000993 -0.0000000739 -0.0000000003 -0.0000000033 -0.0000000000 0.0000001345 0.0000000164 -0.0000000003 -0.0000000000 0.0000000001 -0.0000000000 0.0000000095 0.0000000165 -0.0000000048 -0.0000000000 -0.0000000002 -0.0000000000 0.0000000147 0.0000000320 -0.0000000239 -0.0000000001 -0.0000000011 -0.0000000000 0.0000000488
 -0.1279334194 -0.0066264094 -0.0000141151 -0.0008710442 -0.0000002080 -0.0790958673 -0.0453261398 -0.0035945146 -0.0000085782 -0.0003728206 -0.0000001053 9.9749414041 -0.0003856794 -0.0000398943 -0.0000000982 -0.0000036532 -0.0000000011 -0.0001909046 -0.0032547341 -0.0002527525 -0.0000005995 -0.0000264962 -0.0000000074 -0.0018118845 -0.0185064740 -0.0011815166 -0.0000026823 -0.0001374850 -0.0000000357 -0.0109126332 -0.1543147350 -0.0117109848 -0.0000291466 -0.0012406891 -0.0000003467 -0.0884104775 -0.0714435307 -0.0070158982 -0.0000179230 -0.0006566576 -0.0000002008 -0.0370523338 -0.0006699368 -0.0000787973 -0.0000002041 -0.0000068290 -0.0000000022 -0.0003227968 -0.0050229037 -0.0004900772 -0.0000012508 -0.0000460032 -0.0000000140 -0.0026168461 -0.0252204325 -0.0022048013 -0.0000055756 -0.0002177741 -0.0000000640 -0.0137470314 -0.1167484847 -0.0144425352 -0.0000407001 -0.0012234951 -0.0000004066 -0.0572272678 -0.0779194746 -0.0092751008 -0.0000251549 -0.0007988415 -0.0000002611 -0.0382104437 -0.0006875371 -0.0001005358 -0.0000002820 -0.0000080059 -0.0000000028 -0.0003269575 -0.0052934056 -0.0006423317 -0.0000017520 -0.0000548911 -0.0000000181 -0.0025917984 -0.0231283364 -0.0028269450 -0.0000078075 -0.0002407850 -0.0000000795 -0.0112885350 -0.0342936613 -0.0119422976 -0.0000381373 -0.0007517889 -0.0000003189 -0.0045233124 -0.0522426851 -0.0080585683 -0.0000235691 -0.0006289567 -0.0000002231 -0.0242003469 -0.0001703528 -0.0000752406 -0.0000002547 -0.0000045373 -0.0000000020 -0.0000762677 -0.0032343868 -0.0005485391 -0.0000016355 -0.0000414622 -0.0000000151 -0.0014649645 -0.0116185730 -0.0024014519 -0.0000073135 -0.0001709233 -0.0000000654 -0.0043574810 0.0347223222 -0.0061931331 -0.0000237725 -0.0001704064 -0.0000001509 0.0330717058 -0.0113044050 -0.0043083927 -0.0000145695 -0.0002661149 -0.0000001152 -0.0039403659 0.0006009676 -0.0000193729 -0.0000001432 0.0000015522 -0.0000000004 0.0003013143 -0.0001748034 -0.0002794874 -0.0000010025 -0.0000149156 -0.0000000073 0.0000571841 0.0014028078 -0.0012610367 -0.0000045341 -0.0000582767 -0.0000000324 0.0023783465
 -0.0008217995 -0.0001643196 -0.0000004533 -0.0000118521 -0.0000000044 -0.0002328286 -0.0009034107 -0.0001153540 -0.0000002906 -0.0000096874 -0.0000000032 -0.0003856794 9.9999867124 -0.0000014661 -0.0000000035 -0.0000001308 -0.0000000000 -0.0000059852 -0.0000630007 -0.0000080774 -0.0000000203 -0.0000006773 -0.0000000002 -0.0000267369 -0.0002270251 -0.0000339617 -0.0000000888 -0.0000026890 -0.0000000009 -0.0000869924 -0.0014135873 -0.0003347161 -0.0000009530 -0.0000230440 -0.0000000090 -0.0003052874 -0.0018732011 -0.0002394854 -0.0000006110 -0.0000200944 -0.0000000067 -0.0008020842 -0.0000308528 -0.0000031388 -0.0000000073 -0.0000002899 -0.0000000001 -0.0000143072 -0.0001318370 -0.0000168096 -0.0000000427 -0.0000014120 -0.0000000005 -0.0000562382 -0.0004469887 -0.0000699891 -0.0000001868 -0.0000054522 -0.0000000019 -0.0001662395 -0.0014654547 -0.0004555224 -0.0000013448 -0.0000294317 -0.0000000121 -0.0001112863 -0.0027421859 -0.0003387548 -0.0000008663 -0.0000288007 -0.0000000095 -0.0011910862 -0.0000547118 -0.0000047586 -0.0000000105 -0.0000004726 -0.0000000001 -0.0000264197 -0.0001972260 -0.0000239246 -0.0000000607 -0.0000020491 -0.0000000007 -0.0000857644 -0.0006052131 -0.0000975559 -0.0000002643 -0.0000075223 -0.0000000027 -0.0002189300 -0.0006510444 -0.0004115396 -0.0000012726 -0.0000237692 -0.0000000108 0.0003663159 -0.0029576113 -0.0003319369 -0.0000008319 -0.0000293468 -0.0000000093 -0.0013192031 -0.0000774379 -0.0000053538 -0.0000000105 -0.0000005981 -0.0000000002 -0.0000389349 -0.0002216137 -0.0000237754 -0.0000000585 -0.0000021431 -0.0000000007 -0.0000996607 -0.0005776327 -0.0000927970 -0.0000002523 -0.0000071620 -0.0000000025 -0.0002027802 0.0003575574 -0.0002447034 -0.0000008074 -0.0000110246 -0.0000000062 0.0007583030 -0.0024913322 -0.0002330749 -0.0000005466 -0.0000223427 -0.0000000067 -0.0011497249 -0.0000873260 -0.0000047232 -0.0000000076 -0.0000006073 -0.0000000001 -0.0000451353 -0.0001979730 -0.0000171715 -0.0000000388 -0.0000017067 -0.0000000005 -0.0000926535 -0.0004140689 -0.0000616186 -0.0000001635 -0.0000048843 -0.0000000017 -0.0001415509
 -0.0000495417 -0.0000301118 -0.0000000983 -0.0000017424 -0.0000000008 0.0000202992 -0.0001091616 -0.0000200446 -0.0000000597 -0.0000014781 -0.0000000005 -0.0000398943 -0.0000014661 9.9999997670 -0.0000000007 -0.0000000180 -0.0000000000 -0.0000005944 -0.0000073623 -0.0000013941 -0.0000000042 -0.0000001019 -0.0000000000 -0.0000026083 -0.0000233220 -0.0000060303 -0.0000000187 -0.0000004049 -0.0000000002 -0.0000053286 -0.0001577254 -0.0000649024 -0.0000002116 -0.0000039648 -0.0000000017 0.0000034210 -0.0002288474 -0.0000423669 -0.0000001280 -0.0000031147 -0.0000000012 -0.0000853491 -0.0000027523 -0.0000004819 -0.0000000014 -0.0000000361 -0.0000000000 -0.0000010746 -0.0000153981 -0.0000029437 -0.0000000089 -0.0000002143 -0.0000000001 -0.0000055798 -0.0000532785 -0.0000128481 -0.0000000401 -0.0000008771 -0.0000000003 -0.0000146665 -0.0002196622 -0.0000922059 -0.0000003050 -0.0000056102 -0.0000000025 0.0000017952 -0.0002942790 -0.0000594278 -0.0000001839 -0.0000042551 -0.0000000016 -0.0001051891 -0.0000028493 -0.0000006511 -0.0000000020 -0.0000000451 -0.0000000000 -0.0000009472 -0.0000194127 -0.0000041168 -0.0000000128 -0.0000002907 -0.0000000001 -0.0000066440 -0.0000697069 -0.0000181141 -0.0000000577 -0.0000012133 -0.0000000005 -0.0000181461 -0.0001265973 -0.0000860950 -0.0000002941 -0.0000049069 -0.0000000023 0.0000499476 -0.0002098572 -0.0000547692 -0.0000001766 -0.0000036628 -0.0000000015 -0.0000603421 -0.0000005630 -0.0000005512 -0.0000000019 -0.0000000304 -0.0000000000 0.0000002809 -0.0000128122 -0.0000037663 -0.0000000123 -0.0000002451 -0.0000000001 -0.0000031333 -0.0000467762 -0.0000167769 -0.0000000555 -0.0000010487 -0.0000000004 -0.0000060480 0.0000465958 -0.0000520837 -0.0000001893 -0.0000024516 -0.0000000013 0.0001104657 -0.0000373510 -0.0000322682 -0.0000001129 -0.0000017953 -0.0000000009 0.0000169345 0.0000026409 -0.0000002532 -0.0000000012 -0.0000000018 -0.0000000000 0.0000018234 -0.0000003158 -0.0000021774 -0.0000000078 -0.0000001119 -0.0000000001 0.0000024798 -0.0000017832 -0.0000099826 -0.0000000356 -0.0000005146 -0.0000000003 0.0000127166
 -0.0000001065 -0.0000000945 -0.0000000003 -0.0000000052 -0.0000000000 0.0000000800 -0.0000002794 -0.0000000604 -0.0000000002 -0.0000000042 -0.0000000000 -0.0000000982 -0.0000000035 -0.0000000007 10.0000000000 -0.0000000000 -0.0000000000 -0.0000000014 -0.0000000186 -0.0000000042 -0.0000000000 -0.0000000003 -0.0000000000 -0.0000000063 -0.0000000580 -0.0000000185 -0.0000000001 -0.0000000012 -0.0000000000 -0.0000000106 -0.0000004280 -0.0000002070 -0.0000000007 -0.0000000123 -0.0000000000 0.0000000265 -0.0000005957 -0.0000001294 -0.0000000004 -0.0000000091 -0.0000000000 -0.0000002155 -0.0000000060 -0.0000000014 -0.0000000000 -0.0000000001 -0.0000000000 -0.0000000021 -0.0000000394 -0.0000000090 -0.0000000000 -0.0000000006 -0.0000000000 -0.0000000137 -0.0000001400 -0.0000000400 -0.0000000001 -0.0000000026 -0.0000000000 -0.0000000354 -0.0000006423 -0.0000002984 -0.0000000010 -0.0000000178 -0.0000000000 0.0000000023 -0.0000007442 -0.0000001831 -0.0000000006 -0.0000000124 -0.0000000000 -0.0000002518 -0.0000000037 -0.0000000018 -0.0000000000 -0.0000000001 -0.0000000000 -0.0000000005 -0.0000000471 -0.0000000126 -0.0000000000 -0.0000000008 -0.0000000000 -0.0000000148 -0.0000001829 -0.0000000570 -0.0000000002 -0.0000000037 -0.0000000000 -0.0000000432 -0.0000003955 -0.0000002824 -0.0000000010 -0.0000000160 -0.0000000000 0.0000001275 -0.0000004376 -0.0000001684 -0.0000000006 -0.0000000104 -0.0000000000 -0.0000000887 0.0000000068 -0.0000000014 -0.0000000000 -0.0000000000 -0.0000000000 0.0000000051 -0.0000000220 -0.0000000115 -0.0000000000 -0.0000000007 -0.0000000000 -0.0000000014 -0.0000001069 -0.0000000530 -0.0000000002 -0.0000000031 -0.0000000000 -0.0000000032 0.0000001238 -0.0000001729 -0.0000000007 -0.0000000082 -0.0000000000 0.0000003090 0.0000001227 -0.0000000962 -0.0000000004 -0.0000000044 -0.0000000000 0.0000001674 0.0000000194 -0.0000000004 -0.0000000000 0.0000000001 -0.0000000000 0.0000000114 0.0000000198 -0.0000000063 -0.0000000000 -0.0000000002 -0.0000000000 0.0000000179 0.0000000361 -0.0000000312 -0.0000000001 -0.0000000014 -0.0000000000 0.0000000576
 -0.0000059588 -0.0000022172 -0.0000000069 -0.0000001381 -0.0000000001 0.0000000688 -0.0000093624 -0.0000015030 -0.0000000042 -0.0000001159 -0.0000000000 -0.0000036532 -0.0000001308 -0.0000000180 -0.0000000000 9.9999999985 -0.0000000000 -0.0000000555 -0.0000006402 -0.0000001048 -0.0000000003 -0.0000000080 -0.0000000000 -0.0000002453 -0.0000021415 -0.0000004488 -0.0000000013 -0.0000000319 -0.0000000000 -0.0000006360 -0.0000139485 -0.0000046960 -0.0000000147 -0.0000002979 -0.0000000001 -0.0000010929 -0.0000195326 -0.0000031572 -0.0000000090 -0.0000002428 -0.0000000001 -0.0000077159 -0.0000002702 -0.0000000377 -0.0000000001 -0.0000000031 -0.0000000000 -0.0000001150 -0.0000013387 -0.0000002201 -0.0000000006 -0.0000000168 -0.0000000000 -0.0000005204 -0.0000045909 -0.0000009459 -0.0000000028 -0.0000000675 -0.0000000000 -0.0000014440 -0.0000173162 -0.0000065853 -0.0000000211 -0.0000004080 -0.0000000002 -0.0000003618 -0.0000265061 -0.0000044386 -0.0000000129 -0.0000003372 -0.0000000001 -0.0000103538 -0.0000003755 -0.0000000531 -0.0000000001 -0.0000000043 -0.0000000000 -0.0000001594 -0.0000018174 -0.0000003094 -0.0000000009 -0.0000000234 -0.0000000000 -0.0000006983 -0.0000060903 -0.0000013284 -0.0000000040 -0.0000000932 -0.0000000000 -0.0000018416 -0.0000091615 -0.0000060886 -0.0000000202 -0.0000003484 -0.0000000002 0.0000040907 -0.0000231034 -0.0000041719 -0.0000000124 -0.0000003092 -0.0000000001 -0.0000086026 -0.0000003548 -0.0000000505 -0.0000000001 -0.0000000041 -0.0000000000 -0.0000001495 -0.0000015834 -0.0000002909 -0.0000000009 -0.0000000214 -0.0000000000 -0.0000005776 -0.0000048058 -0.0000012401 -0.0000000039 -0.0000000833 -0.0000000000 -0.0000011572 0.0000038762 -0.0000036639 -0.0000000130 -0.0000001703 -0.0000000001 0.0000088088 -0.0000123672 -0.0000026146 -0.0000000080 -0.0000001849 -0.0000000001 -0.0000039597 -0.0000002336 -0.0000000327 -0.0000000001 -0.0000000026 -0.0000000000 -0.0000000972 -0.0000008485 -0.0000001825 -0.0000000006 -0.0000000128 -0.0000000000 -0.0000002628 -0.0000018305 -0.0000007645 -0.0000000025 -0.0000000466 -0.0000000000 0.0000000539
 -0.0000000015 -0.0000000008 -0.0000000000 -0.0000000000 -0.0000000000 0.0000000005 -0.0000000031 -0.0000000006 -0.0000000000 -0.0000000000 -0.0000000000 -0.0000000011 -0.0000000000 -0.0000000000 -0.0000000000 -0.0000000000 10.0000000000 -0.0000000000 -0.0000000002 -0.0000000000 -0.0000000000 -0.0000000000 -0.0000000000 -0.0000000001 -0.0000000007 -0.0000000002 -0.0000000000 -0.0000000000 -0.0000000000 -0.0000000002 -0.0000000045 -0.0000000018 -0.0000000000 -0.0000000001 -0.0000000000 -0.0000000000 -0.0000000064 -0.0000000012 -0.0000000000 -0.0000000001 -0.0000000000 -0.0000000024 -0.0000000001 -0.0000000000 -0.0000000000 -0.0000000000 -0.0000000000 -0.0000000000 -0.0000000004 -0.0000000001 -0.0000000000 -0.0000000000 -0.0000000000 -0.0000000002 -0.0000000015 -0.0000000004 -0.0000000000 -0.0000000000 -0.0000000000 -0.0000000004 -0.0000000061 -0.0000000025 -0.0000000000 -0.0000000002 -0.0000000000 0.0000000000 -0.0000000083 -0.0000000016 -0.0000000000 -0.0000000001 -0.0000000000 -0.0000000030 -0.0000000001 -0.0000000000 -0.0000000000 -0.0000000000 -0.0000000000 -0.0000000000 -0.0000000006 -0.0000000001 -0.0000000000 -0.0000000000 -0.0000000000 -0.0000000002 -0.0000000020 -0.0000000005 -0.0000000000 -0.0000000000 -0.0000000000 -0.0000000005 -0.0000000035 -0.0000000024 -0.0000000000 -0.0000000001 -0.0000000000 0.0000000014 -0.0000000062 -0.0000000015 -0.0000000000 -0.0000000001 -0.0000000000 -0.0000000019 -0.0000000000 -0.0000000000 -0.0000000000 -0.0000000000 -0.0000000000 -0.0000000000 -0.0000000004 -0.0000000001 -0.0000000000 -0.0000000000 -0.0000000000 -0.0000000001 -0.0000000014 -0.0000000005 -0.0000000000 -0.0000000000 -0.0000000000 -0.0000000002 0.0000000013 -0.0000000014 -0.0000000000 -0.0000000001 -0.0000000000 0.0000000031 -0.0000000016 -0.0000000009 -0.0000000000 -0.0000000001 -0.0000000000 0.0000000001 0.0000000000 -0.0000000000 -0.0000000000 -0.0000000000 -0.0000000000 0.0000000000 -0.0000000001 -0.0000000001 -0.0000000000 -0.0000000000 -0.0000000000 0.0000000000 -0.0000000002 -0.0000000003 -0.0000000000 -0.0000000000 -0.0000000000 0.0000000003
 -0.0004909482 -0.0000669136 -0.0000001754 -0.0000054766 -0.0000000019 -0.0002077749 -0.0004139523 -0.0000463386 -0.0000001131 -0.0000041045 -0.0000000013 -0.0001909046 -0.0000059852 -0.0000005944 -0.0000000014 -0.0000000555 -0.0000000000 9.9999971634 -0.0000291692 -0.0000032514 -0.0000000079 -0.0000002885 -0.0000000001 -0.0000134490 -0.0001134012 -0.0000137158 -0.0000000345 -0.0000011764 -0.0000000004 -0.0000506671 -0.0007202409 -0.0001324520 -0.0000003665 -0.0000097891 -0.0000000036 -0.0002368332 -0.0008518780 -0.0000959600 -0.0000002373 -0.0000084747 -0.0000000027 -0.0003919438 -0.0000145718 -0.0000012915 -0.0000000029 -0.0000001271 -0.0000000000 -0.0000071666 -0.0000605680 -0.0000067526 -0.0000000166 -0.0000005990 -0.0000000002 -0.0000278821 -0.0002095680 -0.0000279051 -0.0000000722 -0.0000023046 -0.0000000008 -0.0000884248 -0.0006631170 -0.0001767490 -0.0000005145 -0.0000118141 -0.0000000047 -0.0001120862 -0.0012905226 -0.0001366967 -0.0000003363 -0.0000123896 -0.0000000039 -0.0006077393 -0.0000275721 -0.0000020188 -0.0000000042 -0.0000002187 -0.0000000001 -0.0000141687 -0.0000939477 -0.0000096963 -0.0000000236 -0.0000008890 -0.0000000003 -0.0000444014 -0.0002825610 -0.0000387851 -0.0000001020 -0.0000031657 -0.0000000011 -0.0001162460 -0.0002602117 -0.0001572263 -0.0000004845 -0.0000091286 -0.0000000041 0.0001301117 -0.0014911255 -0.0001367634 -0.0000003239 -0.0000132278 -0.0000000039 -0.0007304056 -0.0000413094 -0.0000023854 -0.0000000042 -0.0000002949 -0.0000000001 -0.0000219674 -0.0001130307 -0.0000098736 -0.0000000228 -0.0000009776 -0.0000000003 -0.0000557059 -0.0002855618 -0.0000372248 -0.0000000974 -0.0000030976 -0.0000000010 -0.0001182571 0.0001709790 -0.0000921646 -0.0000003059 -0.0000040004 -0.0000000023 0.0003117006 -0.0013587081 -0.0000999817 -0.0000002149 -0.0000107932 -0.0000000029 -0.0006909127 -0.0000479703 -0.0000022312 -0.0000000032 -0.0000003149 -0.0000000001 -0.0000259334 -0.0001083259 -0.0000074585 -0.0000000153 -0.0000008344 -0.0000000002 -0.0000554028 -0.0002276363 -0.0000253890 -0.0000000633 -0.0000022503 -0.0000000007 -0.0000968347
 -0.0146985270 -0.0010878926 -0.0000026478 -0.0001168077 -0.0000000323 -0.0083986184 -0.0064161414 -0.0006416170 -0.0000016223 -0.0000595875 -0.0000000183 -0.0032547341 -0.0000630007 -0.0000073623 -0.0000000186 -0.0000006402 -0.0000000002 -0.0000291692 9.9995447548 -0.0000449661 -0.0000001133 -0.0000041993 -0.0000000013 -0.0002321791 -0.0023403817 -0.0002031578 -0.0000005055 -0.0000201426 -0.0000000059 -0.0012636123 -0.0192179937 -0.0020600802 -0.0000055446 -0.0001853131 -0.0000000586 -0.0097621951 -0.0108697609 -0.0012868476 -0.0000034102 -0.0001111551 -0.0000000362 -0.0051542984 -0.0001133700 -0.0000147849 -0.0000000388 -0.0000012302 -0.0000000004 -0.0000506825 -0.0007577701 -0.0000898123 -0.0000002380 -0.0000077543 -0.0000000025 -0.0003595682 -0.0034912968 -0.0003973536 -0.0000010609 -0.0000348682 -0.0000000112 -0.0017055019 -0.0160752650 -0.0026801599 -0.0000078226 -0.0002038545 -0.0000000738 -0.0064401619 -0.0124699506 -0.0017375720 -0.0000048138 -0.0001408258 -0.0000000483 -0.0055248006 -0.0001225109 -0.0000194244 -0.0000000542 -0.0000015047 -0.0000000005 -0.0000518616 -0.0008461723 -0.0001206073 -0.0000003355 -0.0000096940 -0.0000000033 -0.0003715456 -0.0034980484 -0.0005279094 -0.0000014971 -0.0000415585 -0.0000000146 -0.0014857389 -0.0057523374 -0.0023288896 -0.0000074019 -0.0001428200 -0.0000000618 0.0000626030 -0.0086709333 -0.0015487234 -0.0000045452 -0.0001152426 -0.0000000424 -0.0034289100 -0.0000478098 -0.0000158025 -0.0000000499 -0.0000010057 -0.0000000004 -0.0000138699 -0.0005483657 -0.0001063529 -0.0000003160 -0.0000077169 -0.0000000029 -0.0002068455 -0.0019536929 -0.0004650274 -0.0000014146 -0.0000318861 -0.0000000126 -0.0005653089 0.0042893690 -0.0012953918 -0.0000046717 -0.0000481565 -0.0000000323 0.0051478789 -0.0021408432 -0.0008745567 -0.0000028498 -0.0000534928 -0.0000000233 -0.0002973558 0.0000655224 -0.0000064702 -0.0000000296 -0.0000000538 -0.0000000002 0.0000409284 -0.0000695382 -0.0000584401 -0.0000001972 -0.0000032663 -0.0000000015 0.0000238900 0.0000407752 -0.0002601567 -0.0000008891 -0.0000130897 -0.0000000067 0.0004146424
