
 5.2676445323 -0.2131832072 0.0004768101 -0.0305923454 -0.0000060049 -2.3471043109 -0.5562713870 -0.0018656568 0.0011660828 -0.0022565690 0.0000009306 -0.1907560136 0.0247817083 0.0034909373 0.0000413918 0.0002898261 0.0000001289 0.0106851205 -0.0319954398 0.0013642891 0.0000951619 -0.0000494316 0.0000001148 -0.0117572214 -0.4921685752 -0.0175494092 0.0002484603 -0.0029172487 -0.0000003208 -0.2304559668 -2.8315945210 -0.1785505174 0.0004689932 -0.0209168904 -0.0000045580 -1.1176144335 -0.0550701413 0.0039361795 0.0010373163 0.0001109912 0.0000011096 0.1185038472 0.0215499872 0.0033917718 0.0000371865 0.0002710748 0.0000001213 0.0076661620 0.0016087742 0.0017484428 0.0000849996 0.0001090015 0.0000001252 0.0085990045 -0.2469108075 -0.0136443451 0.0002249215 -0.0016999590 -0.0000001695 -0.0745962153 -0.2440521452 -0.0934687120 0.0003207874 -0.0057914322 -0.0000018716 0.3348699318 0.3230142525 0.0061077939 0.0006244435 0.0017421788 0.0000008792 0.3048917601 0.0009751890 0.0019023116 0.0000221889 0.0001065981 0.0000000655 -0.0041400222 0.0201158319 0.0012437761 0.0000511521 0.0001554770 0.0000000865 0.0174018340 0.0318736578 -0.0064216001 0.0001386402 -0.0001795894 0.0000000057 0.0774501351 0.6480133582 -0.0493208659 0.0000637747 0.0002031923 -0.0000008207 0.6708990110 0.1377379140 -0.0040058242 0.0002408961 0.0004046600 0.0000002013 0.1431203537 -0.0211984883 0.0002218804 0.0000084090 -0.0000745353 0.0000000060 -0.0157768805 -0.0007832225 -0.0002177465 0.0000194591 -0.0000108018 0.0000000144 0.0022845040 0.0710424877 -0.0047985452 0.0000484800 0.0000593919 -0.0000000343 0.0758974954 0.0239359742 -0.0599770532 -0.0001905542 -0.0029114120 -0.0000015416 0.1338246172 -0.2800239440 -0.0179277296 0.0000320813 -0.0020711929 -0.0000004706 -0.1381802789 -0.0279391770 -0.0006005128 0.0000015815 -0.0001463523 -0.0000000218 -0.0181365623 -0.0314929494 -0.0015631856 0.0000022845 -0.0002098250 -0.0000000440 -0.0174785948 -0.0537559029 -0.0082477418 -0.0000100630 -0.0006387801 -0.0000002155 -0.0175146727
 -0.2131832072 8.9331750914 -0.0117488681 -0.0550611038 -0.0000362835 0.2039619208 -0.0451865752 -0.4444379219 -0.0078636984 -0.0235252887 -0.0000180129 -0.0089468854 0.0004568319 -0.0080975293 -0.0002003288 -0.0004361269 -0.0000003845 -0.0018853016 -0.0024706282 -0.0340905097 -0.0006182922 -0.0018029858 -0.0000013967 -0.0007800697 -0.0236015144 -0.1670984330 -0.0023722647 -0.0087207932 -0.0000062017 0.0163019051 -0.3070380878 -1.2302202636 -0.0126111297 -0.0635600232 -0.0000409123 0.2248862943 0.0045061803 -0.4605370436 -0.0074209738 -0.0239871434 -0.0000179186 0.0331618807 -0.0034328866 -0.0076513267 -0.0001801131 -0.0004259979 -0.0000003555 -0.0044652734 -0.0016169757 -0.0352137270 -0.0005823940 -0.0018449494 -0.0000013860 0.0005496132 -0.0240803967 -0.1834632847 -0.0023645252 -0.0095117053 -0.0000065678 0.0245088920 -0.1881438782 -0.9571524795 -0.0092647773 -0.0491134117 -0.0000312590 0.2099275845 0.0651209658 -0.3221642588 -0.0047556785 -0.0164043896 -0.0000120773 0.0570245295 -0.0098565936 -0.0049104039 -0.0001086292 -0.0003037126 -0.0000002238 -0.0081600268 -0.0011170446 -0.0246192464 -0.0003724674 -0.0012807602 -0.0000009343 0.0000000658 -0.0062837152 -0.1363539767 -0.0016130159 -0.0069841626 -0.0000047327 0.0257996720 -0.0092853850 -0.4925541113 -0.0046098990 -0.0248522974 -0.0000158970 0.1474397643 0.0547694622 -0.1485360688 -0.0020571861 -0.0074114398 -0.0000054250 0.0273820547 -0.0139596895 -0.0021433374 -0.0000436235 -0.0001721005 -0.0000000973 -0.0101804339 -0.0036879825 -0.0114044560 -0.0001607922 -0.0006027427 -0.0000004222 -0.0031188784 0.0049732243 -0.0671506295 -0.0007475155 -0.0033902482 -0.0000022813 0.0143782160 0.0396247965 -0.1560119450 -0.0014861015 -0.0076804375 -0.0000050489 0.0551533335 -0.0176809791 -0.0425591012 -0.0005845582 -0.0022518189 -0.0000015621 -0.0255425837 -0.0127114087 -0.0006581327 -0.0000113889 -0.0000877364 -0.0000000308 -0.0087896769 -0.0075280750 -0.0033224436 -0.0000455773 -0.0002016915 -0.0000001241 -0.0059505873 -0.0033428227 -0.0205094475 -0.0002269701 -0.0010521580 -0.0000006976 -0.0022702663
 0.0004768101 -0.0117488681 9.9997641479 -0.0006144133 -0.0000005064 -0.0011684746 0.0007318604 -0.0093356210 -0.0002695785 -0.0005097554 -0.0000004825 -0.0026219789 0.0000290842 -0.0002584568 -0.0000079292 -0.0000141992 -0.0000000138 -0.0000816371 0.0000652504 -0.0007407422 -0.0000213675 -0.0000404066 -0.0000000383 -0.0002052457 0.0001848519 -0.0026351864 -0.0000675775 -0.0001415892 -0.0000001279 -0.0005571212 0.0008399651 -0.0117962796 -0.0002275431 -0.0006119891 -0.0000004995 -0.0009789169 0.0017289324 -0.0081947614 -0.0002402295 -0.0004430408 -0.0000004269 -0.0019984296 0.0000185603 -0.0002242021 -0.0000070082 -0.0000123652 -0.0000000121 -0.0000844254 0.0001230427 -0.0006529419 -0.0000190577 -0.0000353412 -0.0000000339 -0.0001669994 0.0003800137 -0.0024365439 -0.0000616620 -0.0001295895 -0.0000001174 -0.0004374771 0.0007109048 -0.0079970008 -0.0001495666 -0.0004120993 -0.0000003343 -0.0007090904 0.0016504013 -0.0047047624 -0.0001432749 -0.0002521878 -0.0000002504 -0.0011405160 -0.0000276679 -0.0001282954 -0.0000041399 -0.0000072587 -0.0000000071 -0.0000805734 0.0000937843 -0.0003781672 -0.0000113832 -0.0000204062 -0.0000000200 -0.0001111019 0.0003368441 -0.0015011234 -0.0000379273 -0.0000791599 -0.0000000723 -0.0002724266 0.0003329470 -0.0035604955 -0.0000666591 -0.0001826474 -0.0000001491 -0.0004990413 0.0007233254 -0.0016837918 -0.0000568479 -0.0000905267 -0.0000000953 -0.0006594289 -0.0000636239 -0.0000472139 -0.0000016266 -0.0000029151 -0.0000000027 -0.0000689492 0.0000160911 -0.0001381311 -0.0000045288 -0.0000075827 -0.0000000077 -0.0000752547 0.0001323306 -0.0005958819 -0.0000156574 -0.0000314083 -0.0000000294 -0.0001735276 0.0002207362 -0.0009073283 -0.0000194847 -0.0000460366 -0.0000000406 -0.0002416390 -0.0000243682 -0.0003064198 -0.0000147078 -0.0000178693 -0.0000000218 -0.0004403085 -0.0000591965 -0.0000102970 -0.0000004194 -0.0000008390 -0.0000000007 -0.0000467123 -0.0000293895 -0.0000268902 -0.0000011777 -0.0000016625 -0.0000000018 -0.0000504513 -0.0000043728 -0.0001304664 -0.0000042378 -0.0000071101 -0.0000000073 -0.0001095504
 -0.0305923454 -0.0550611038 -0.0006144133 9.9970709402 -0.0000018871 0.0004476981 -0.0047637857 -0.0238108132 -0.0004384281 -0.0012748645 -0.0000009829 -0.0017425676 0.0001649738 -0.0004372902 -0.0000113880 -0.0000230589 -0.0000000213 -0.0000484269 -0.0002457541 -0.0018229406 -0.0000344889 -0.0000972491 -0.0000000761 -0.0001170126 -0.0032719759 -0.0087782352 -0.0001289082 -0.0004680448 -0.0000003307 -0.0002278456 -0.0272767944 -0.0628755593 -0.0006531751 -0.0033023231 -0.0000021033 0.0068198091 0.0000591982 -0.0243288827 -0.0004104736 -0.0012729295 -0.0000009650 0.0018858704 -0.0000313657 -0.0004076191 -0.0000102073 -0.0000221606 -0.0000000195 -0.0001827942 -0.0000409673 -0.0018567331 -0.0000322360 -0.0000974774 -0.0000000746 0.0000531144 -0.0022214778 -0.0095158887 -0.0001271242 -0.0004988703 -0.0000003454 0.0008904938 -0.0105461934 -0.0484934261 -0.0004752994 -0.0024962070 -0.0000015897 0.0121704105 0.0047824279 -0.0167805024 -0.0002604642 -0.0008521630 -0.0000006413 0.0040958479 -0.0004488312 -0.0002585535 -0.0000061323 -0.0000157653 -0.0000000122 -0.0004162217 0.0000622634 -0.0012804037 -0.0000204195 -0.0000663734 -0.0000000496 0.0000772565 -0.0001524567 -0.0069888822 -0.0000856913 -0.0003582549 -0.0000002455 0.0016333399 0.0020961719 -0.0248323608 -0.0002345965 -0.0012439063 -0.0000008026 0.0103384020 0.0034121478 -0.0076554922 -0.0001113689 -0.0003811581 -0.0000002847 0.0020055309 -0.0007690910 -0.0001129749 -0.0000024522 -0.0000092368 -0.0000000053 -0.0005717629 -0.0001713265 -0.0005877566 -0.0000087175 -0.0000311071 -0.0000000222 -0.0001414308 0.0005529136 -0.0034151191 -0.0000392327 -0.0001716137 -0.0000001171 0.0010564361 0.0019938373 -0.0079861383 -0.0000756792 -0.0003938101 -0.0000002580 0.0033812974 -0.0020656288 -0.0022218215 -0.0000313189 -0.0001228356 -0.0000000827 -0.0018521843 -0.0007512208 -0.0000364058 -0.0000006390 -0.0000050584 -0.0000000017 -0.0005173533 -0.0005077242 -0.0001742042 -0.0000024485 -0.0000110833 -0.0000000066 -0.0003711406 -0.0004016713 -0.0010579205 -0.0000118358 -0.0000553655 -0.0000000362 -0.0001819012
 -0.0000060049 -0.0000362835 -0.0000005064 -0.0000018871 9.9999999987 0.0000025649 -0.0000004686 -0.0000194260 -0.0000004482 -0.0000010445 -0.0000000009 -0.0000029256 0.0000000497 -0.0000004405 -0.0000000125 -0.0000000240 -0.0000000000 -0.0000001205 0.0000000001 -0.0000015146 -0.0000000354 -0.0000000814 -0.0000000001 -0.0000002292 -0.0000005182 -0.0000064548 -0.0000001218 -0.0000003416 -0.0000000003 -0.0000002797 -0.0000070331 -0.0000400388 -0.0000005182 -0.0000020745 -0.0000000014 0.0000036654 0.0000018423 -0.0000186396 -0.0000004089 -0.0000009870 -0.0000000008 -0.0000012472 -0.0000000497 -0.0000003961 -0.0000000111 -0.0000000219 -0.0000000000 -0.0000001827 0.0000000900 -0.0000014516 -0.0000000323 -0.0000000772 -0.0000000001 -0.0000001541 -0.0000002399 -0.0000066256 -0.0000001157 -0.0000003470 -0.0000000003 0.0000000797 -0.0000035607 -0.0000299391 -0.0000003632 -0.0000015377 -0.0000000011 0.0000041081 0.0000032600 -0.0000120029 -0.0000002514 -0.0000006232 -0.0000000005 0.0000002167 -0.0000002486 -0.0000002385 -0.0000000066 -0.0000000141 -0.0000000000 -0.0000002663 0.0000000781 -0.0000009361 -0.0000000199 -0.0000000494 -0.0000000000 -0.0000001073 0.0000002164 -0.0000046115 -0.0000000749 -0.0000002384 -0.0000000002 0.0000003277 0.0000003745 -0.0000148487 -0.0000001731 -0.0000007511 -0.0000000005 0.0000030254 0.0000020176 -0.0000050468 -0.0000001037 -0.0000002581 -0.0000000002 -0.0000000190 -0.0000003851 -0.0000000955 -0.0000000026 -0.0000000068 -0.0000000000 -0.0000003040 -0.0000000662 -0.0000003966 -0.0000000082 -0.0000000212 -0.0000000000 -0.0000001465 0.0000002736 -0.0000021276 -0.0000000328 -0.0000001086 -0.0000000001 0.0000001698 0.0000011291 -0.0000044988 -0.0000000540 -0.0000002228 -0.0000000002 0.0000010273 -0.0000005185 -0.0000012734 -0.0000000281 -0.0000000694 -0.0000000001 -0.0000010785 -0.0000003549 -0.0000000253 -0.0000000007 -0.0000000029 -0.0000000000 -0.0000002510 -0.0000002096 -0.0000001025 -0.0000000022 -0.0000000063 -0.0000000000 -0.0000001915 -0.0000000973 -0.0000006004 -0.0000000095 -0.0000000313 -0.0000000000 -0.0000001710
 -2.3471043109 0.2039619208 -0.0011684746 0.0004476981 0.0000025649 7.6358992495 -0.0072565213 -0.0076826892 -0.0024896694 -0.0008331369 -0.0000026903 -0.2064703184 -0.0519254399 -0.0059791099 -0.0000867877 -0.0005375874 -0.0000002404 -0.0259951737 -0.0381203806 -0.0035173394 -0.0002028005 -0.0003727716 -0.0000002974 -0.0343867337 -0.2122787092 0.0144360593 -0.0005424179 -0.0002368048 -0.0000002993 -0.2411201271 -1.1314848914 0.3370218532 -0.0007406688 0.0123545107 0.0000064131 -1.8126843471 0.2923078483 0.0359760771 -0.0021348827 0.0027049153 -0.0000012474 -0.0842872578 -0.0684373446 -0.0064990634 -0.0000791667 -0.0006319652 -0.0000002503 -0.0351186143 -0.0260055987 -0.0008607964 -0.0001760680 -0.0001823374 -0.0000002066 -0.0305337046 -0.0630133356 0.0329266505 -0.0004442843 0.0013438264 0.0000002674 -0.1760896727 0.3498871356 0.3261237876 -0.0002860079 0.0180783731 0.0000071461 -0.7013722454 0.3683447719 0.0477318776 -0.0012671327 0.0037894266 -0.0000000835 -0.0010672507 -0.0691324297 -0.0054100122 -0.0000505358 -0.0005737338 -0.0000001972 -0.0366652017 -0.0167469688 0.0004956063 -0.0001062194 -0.0000609882 -0.0000001026 -0.0227952109 0.0742033196 0.0342454504 -0.0002516697 0.0020217898 0.0000005390 -0.0688397017 0.6924534559 0.1717624118 -0.0002193266 0.0117154470 0.0000038612 -0.0712055540 0.1025479133 0.0173678958 -0.0005803047 0.0012688400 -0.0000001680 -0.0579799511 -0.0543090189 -0.0036520882 -0.0000238701 -0.0004167114 -0.0000001255 -0.0296690684 -0.0223640515 -0.0006508193 -0.0000493188 -0.0001312666 -0.0000000730 -0.0200482476 0.0612363525 0.0164987083 -0.0001228872 0.0010939691 0.0000002650 -0.0238571455 0.1281323398 0.0140956448 -0.0003559431 0.0013485467 -0.0000000203 -0.0838220757 -0.1919071298 -0.0139213460 -0.0002547124 -0.0015026531 -0.0000006453 -0.1471648051 -0.0328845715 -0.0020359618 -0.0000091232 -0.0002420420 -0.0000000667 -0.0182239105 -0.0291631101 -0.0019766096 -0.0000215579 -0.0002223369 -0.0000000771 -0.0189022589 -0.0308746763 -0.0016905693 -0.0000754196 -0.0002059343 -0.0000001283 -0.0371394996
 -0.5562713870 -0.0451865752 0.0007318604 -0.0047637857 -0.0000004686 -0.0072565213 5.8018043339 -0.2681940946 0.0008369071 -0.0315011113 -0.0000066687 -1.6943487350 -0.1389864229 -0.0115013663 0.0000169618 -0.0011786093 -0.0000002904 -0.0519463295 -0.3429132255 -0.0232639523 0.0000613148 -0.0026432433 -0.0000005823 -0.1367357988 -0.7868999030 -0.0519940693 0.0002081979 -0.0060017374 -0.0000012364 -0.2968873771 -0.0257788591 -0.0001485925 0.0007648050 -0.0002589970 0.0000007689 0.2102874281 -3.1065130652 -0.2174746943 0.0008673301 -0.0244007551 -0.0000051064 -1.0595388306 -0.0547124585 -0.0085684396 0.0000176919 -0.0006777083 -0.0000001938 -0.0025417224 -0.2342501086 -0.0186523982 0.0000633742 -0.0019574125 -0.0000004377 -0.0735059558 -0.5289829466 -0.0385853689 0.0002166956 -0.0042492118 -0.0000008339 -0.1546054016 0.4204951042 0.0515830373 0.0005924352 0.0042956541 0.0000019172 0.2727576871 -0.8106562151 -0.0748448793 0.0007217531 -0.0074634212 -0.0000012303 0.0119035823 0.0757917706 -0.0015924449 0.0000162114 0.0002267330 0.0000000078 0.0644247711 -0.0234307030 -0.0060095401 0.0000532952 -0.0004253931 -0.0000000888 0.0274482197 -0.0647880993 -0.0080961811 0.0001773545 -0.0007375128 -0.0000000231 0.0517121642 0.2420889568 0.0563085280 0.0003297923 0.0038550916 0.0000016919 0.0442814303 0.4745108549 0.0253250196 0.0004884097 0.0031327025 0.0000012399 0.4704020981 0.1294067957 0.0029397035 0.0000125952 0.0006861578 0.0000001248 0.0854117279 0.0872458501 0.0027865319 0.0000367514 0.0004954341 0.0000001313 0.0680414529 0.1494270040 0.0103571918 0.0001146304 0.0011250757 0.0000004038 0.1142871651 -0.2284236853 0.0218171303 0.0001044113 0.0001643909 0.0000005170 -0.2256837902 0.2951092572 0.0341100475 0.0002518622 0.0029159542 0.0000011306 0.2148335195 0.0859243242 0.0028290679 0.0000073641 0.0005015251 0.0000001016 0.0537407817 0.0570844815 0.0034201055 0.0000192691 0.0004085223 0.0000001169 0.0376431310 0.0616737330 0.0086693016 0.0000538697 0.0006902677 0.0000002722 0.0363601438
 -0.0018656568 -0.4444379219 -0.0093356210 -0.0238108132 -0.0000194260 -0.0076826892 -0.2681940946 9.3338128776 -0.0153075883 -0.0371235467 -0.0000305440 -0.1661814421 -0.0252404226 -0.0204500093 -0.0004627341 -0.0012133025 -0.0000009361 -0.0131114195 -0.0323620766 -0.0528867525 -0.0012086003 -0.0029945584 -0.0000024218 -0.0184645234 -0.0519300667 -0.1558238670 -0.0035017440 -0.0086200109 -0.0000070607 -0.0320300313 0.0271180300 -0.4422098364 -0.0084564037 -0.0234030243 -0.0000184770 0.0336563152 -0.1351787214 -0.6392538320 -0.0138206252 -0.0349241302 -0.0000283939 -0.0555947956 -0.0181648528 -0.0191304429 -0.0004149315 -0.0011086657 -0.0000008557 -0.0081177631 -0.0208962894 -0.0504972972 -0.0010894104 -0.0028036992 -0.0000022440 -0.0092322474 -0.0246845234 -0.1507667774 -0.0031635540 -0.0081858462 -0.0000065965 -0.0082507676 0.0214606951 -0.3030981459 -0.0051670988 -0.0159060249 -0.0000120264 0.0407644727 0.0160732348 -0.4244156616 -0.0084564984 -0.0225849699 -0.0000180924 0.0510395668 -0.0042004415 -0.0121874165 -0.0002511980 -0.0006725957 -0.0000005293 -0.0000948868 -0.0037847140 -0.0332501027 -0.0006648052 -0.0017928298 -0.0000014213 0.0017789988 0.0044048292 -0.1008005381 -0.0019347642 -0.0053468540 -0.0000042215 0.0126733775 -0.0096393797 -0.1403588828 -0.0021107043 -0.0073980700 -0.0000052886 0.0118092212 0.0472182768 -0.1983371568 -0.0035348760 -0.0102943947 -0.0000080233 0.0609622264 0.0038046591 -0.0053595539 -0.0001033536 -0.0002704251 -0.0000002237 0.0036975651 0.0032889615 -0.0153402416 -0.0002766686 -0.0007992944 -0.0000006239 0.0048414013 0.0090378938 -0.0469308204 -0.0008044302 -0.0024395606 -0.0000018661 0.0128196094 -0.0203272646 -0.0383131732 -0.0005379989 -0.0020952526 -0.0000014081 -0.0091961645 -0.0022884570 -0.0668555686 -0.0010216384 -0.0035087878 -0.0000025409 0.0143661854 0.0030904436 -0.0016900122 -0.0000293022 -0.0000765476 -0.0000000666 0.0024182787 0.0007180142 -0.0050797875 -0.0000793699 -0.0002635173 -0.0000001945 0.0017247555 -0.0008278477 -0.0150414117 -0.0002264166 -0.0007912886 -0.0000005677 0.0025749626
 0.0011660828 -0.0078636984 -0.0002695785 -0.0004384281 -0.0000004482 -0.0024896694 0.0008369071 -0.0153075883 9.9995328907 -0.0008453558 -0.0000008156 -0.0046787323 0.0001432137 -0.0004669599 -0.0000143217 -0.0000252787 -0.0000000249 -0.0000917895 0.0001376644 -0.0012075382 -0.0000369698 -0.0000663958 -0.0000000644 -0.0003391075 0.0002727655 -0.0033779411 -0.0001055914 -0.0001867817 -0.0000001825 -0.0010296601 0.0020975072 -0.0061720699 -0.0002334214 -0.0003441629 -0.0000003732 -0.0017984286 0.0022807970 -0.0132205251 -0.0004122210 -0.0007252336 -0.0000007127 -0.0034755130 0.0001961035 -0.0004057191 -0.0000126637 -0.0000216959 -0.0000000218 -0.0000507486 0.0002588435 -0.0010426396 -0.0000326281 -0.0000568726 -0.0000000563 -0.0002406182 0.0006071405 -0.0028658783 -0.0000928131 -0.0001575657 -0.0000001579 -0.0007582933 0.0013210130 -0.0028960661 -0.0001331871 -0.0001656404 -0.0000001986 -0.0011610178 0.0020353849 -0.0075311503 -0.0002431721 -0.0004117354 -0.0000004141 -0.0018159666 0.0001575141 -0.0002339986 -0.0000074963 -0.0000123583 -0.0000000128 -0.0000128235 0.0002210240 -0.0005939303 -0.0000192506 -0.0000322198 -0.0000000327 -0.0001169350 0.0004891745 -0.0015811517 -0.0000543782 -0.0000869786 -0.0000000902 -0.0004137781 0.0000465204 -0.0005900237 -0.0000489461 -0.0000399047 -0.0000000623 -0.0007864294 0.0007759780 -0.0027707633 -0.0000955575 -0.0001526746 -0.0000001585 -0.0008011501 0.0000755318 -0.0000884860 -0.0000029654 -0.0000046298 -0.0000000050 -0.0000004333 0.0000944833 -0.0002185913 -0.0000075671 -0.0000119047 -0.0000000125 -0.0000481548 0.0001486458 -0.0005423473 -0.0000210881 -0.0000304696 -0.0000000334 -0.0002058466 -0.0001787887 0.0001868848 -0.0000106234 0.0000056729 -0.0000000064 -0.0003227963 0.0000293985 -0.0006118947 -0.0000247698 -0.0000351313 -0.0000000387 -0.0003269553 0.0000208354 -0.0000211167 -0.0000007800 -0.0000011072 -0.0000000013 -0.0000003225 0.0000159328 -0.0000483025 -0.0000019625 -0.0000027152 -0.0000000031 -0.0000192937 -0.0000082277 -0.0000935189 -0.0000052956 -0.0000057823 -0.0000000074 -0.0000846511
 -0.0022565690 -0.0235252887 -0.0005097554 -0.0012748645 -0.0000010445 -0.0008331369 -0.0315011113 -0.0371235467 -0.0008453558 9.9978596462 -0.0000017001 -0.0163578132 -0.0019033264 -0.0011604975 -0.0000256560 -0.0000708193 -0.0000000527 -0.0009230575 -0.0031225783 -0.0029581397 -0.0000667936 -0.0001731367 -0.0000001351 -0.0015850602 -0.0059808773 -0.0085820499 -0.0001929133 -0.0004887145 -0.0000003900 -0.0030552858 0.0016859714 -0.0228458146 -0.0004584421 -0.0012145404 -0.0000009759 0.0023596219 -0.0197210496 -0.0351259807 -0.0007604309 -0.0019746921 -0.0000015654 -0.0077434503 -0.0011787203 -0.0010703917 -0.0000229548 -0.0000627700 -0.0000000477 -0.0004528769 -0.0020509365 -0.0027853283 -0.0000600029 -0.0001587044 -0.0000001240 -0.0008253555 -0.0034160571 -0.0081636108 -0.0001735091 -0.0004533009 -0.0000003601 -0.0011762907 0.0030989013 -0.0151382051 -0.0002770021 -0.0007912911 -0.0000006188 0.0030824212 -0.0022226446 -0.0227402157 -0.0004621981 -0.0012275863 -0.0000009795 0.0025235256 0.0000952323 -0.0006604596 -0.0000138333 -0.0000352071 -0.0000000288 0.0002520198 -0.0002763004 -0.0017864737 -0.0000363890 -0.0000969764 -0.0000000771 0.0001887994 0.0000304009 -0.0053064261 -0.0001053071 -0.0002836238 -0.0000002257 0.0008252661 0.0004508360 -0.0066965665 -0.0001111731 -0.0003519693 -0.0000002624 0.0006587137 0.0045781650 -0.0101961588 -0.0001908346 -0.0005232894 -0.0000004208 0.0050671022 0.0007349706 -0.0002718044 -0.0000056375 -0.0000115457 -0.0000000115 0.0005426706 0.0005420319 -0.0007877524 -0.0000149676 -0.0000397271 -0.0000000327 0.0005279945 0.0011106806 -0.0023653050 -0.0000432020 -0.0001210166 -0.0000000965 0.0011181867 -0.0021224738 -0.0017090134 -0.0000275640 -0.0000995746 -0.0000000667 -0.0014869570 0.0011119816 -0.0032535287 -0.0000539264 -0.0001668901 -0.0000001274 0.0016082437 0.0005157822 -0.0000761231 -0.0000015672 -0.0000019227 -0.0000000031 0.0003466918 0.0002734906 -0.0002446765 -0.0000042016 -0.0000117961 -0.0000000097 0.0002427089 0.0002030985 -0.0007159688 -0.0000118828 -0.0000369626 -0.0000000280 0.0002727086
 0.0000009306 -0.0000180129 -0.0000004825 -0.0000009829 -0.0000000009 -0.0000026903 -0.0000066687 -0.0000305440 -0.0000008156 -0.0000017001 9.9999999985 -0.0000090687 -0.0000004663 -0.0000009348 -0.0000000249 -0.0000000532 -0.0000000000 -0.0000004035 -0.0000007062 -0.0000024173 -0.0000000645 -0.0000001353 -0.0000000001 -0.0000008049 -0.0000011695 -0.0000069404 -0.0000001854 -0.0000003849 -0.0000000003 -0.0000018658 0.0000027212 -0.0000162512 -0.0000004264 -0.0000008776 -0.0000000008 -0.0000009843 -0.0000018348 -0.0000278228 -0.0000007269 -0.0000015273 -0.0000000014 -0.0000051450 -0.0000002237 -0.0000008424 -0.0000000221 -0.0000000470 -0.0000000000 -0.0000002321 -0.0000002874 -0.0000021961 -0.0000000574 -0.0000001212 -0.0000000001 -0.0000004756 -0.0000001272 -0.0000063076 -0.0000001649 -0.0000003451 -0.0000000003 -0.0000010070 0.0000019745 -0.0000097850 -0.0000002512 -0.0000005265 -0.0000000005 -0.0000001596 0.0000021298 -0.0000172004 -0.0000004357 -0.0000009275 -0.0000000008 -0.0000006908 0.0000000960 -0.0000005108 -0.0000000132 -0.0000000275 -0.0000000000 0.0000000098 0.0000001328 -0.0000013511 -0.0000000344 -0.0000000731 -0.0000000001 -0.0000000676 0.0000005720 -0.0000038758 -0.0000000985 -0.0000002088 -0.0000000002 -0.0000001156 -0.0000000784 -0.0000037699 -0.0000000972 -0.0000002071 -0.0000000002 -0.0000005160 0.0000020133 -0.0000072691 -0.0000001760 -0.0000003855 -0.0000000003 0.0000007235 0.0000002103 -0.0000002089 -0.0000000053 -0.0000000105 -0.0000000000 0.0000001143 0.0000002019 -0.0000005660 -0.0000000139 -0.0000000299 -0.0000000000 0.0000000849 0.0000004074 -0.0000016060 -0.0000000394 -0.0000000855 -0.0000000001 0.0000001201 -0.0000007167 -0.0000006806 -0.0000000230 -0.0000000421 -0.0000000000 -0.0000006158 0.0000000839 -0.0000021200 -0.0000000480 -0.0000001139 -0.0000000001 0.0000000679 0.0000001223 -0.0000000584 -0.0000000014 -0.0000000027 -0.0000000000 0.0000000739 0.0000000533 -0.0000001625 -0.0000000038 -0.0000000086 -0.0000000000 0.0000000330 -0.0000000044 -0.0000004328 -0.0000000105 -0.0000000235 -0.0000000000 -0.0000000149
 -0.1907560136 -0.0089468854 -0.0026219789 -0.0017425676 -0.0000029256 -0.2064703184 -1.6943487350 -0.1661814421 -0.0046787323 -0.0163578132 -0.0000090687 9.0269694415 -0.0068124810 -0.0039452814 -0.0001446325 -0.0002521598 -0.0000002374 -0.0051711590 -0.1080211425 -0.0124013200 -0.0003711112 -0.0011462439 -0.0000006925 -0.0628761723 -0.2994527198 -0.0296413010 -0.0010507438 -0.0029460077 -0.0000018357 -0.1805785081 0.0330860879 0.0644138639 -0.0021320307 0.0030021936 -0.0000007036 -0.1888914455 -1.3487044012 -0.0944748769 -0.0039570314 -0.0111703568 -0.0000066040 -0.8339894053 0.0312603270 -0.0010915291 -0.0001231269 0.0000557108 -0.0000001380 0.0150643260 -0.0671546381 -0.0063762649 -0.0003143384 -0.0006610244 -0.0000004851 -0.0441329987 -0.2094270749 -0.0104083856 -0.0008812731 -0.0015677227 -0.0000012001 -0.1488741781 0.2871399136 0.1142338192 -0.0010918991 0.0068025733 0.0000015581 -0.1054752786 -0.4236006888 0.0124201202 -0.0021273961 -0.0015628150 -0.0000020213 -0.3574533002 0.0709144139 0.0024627459 -0.0000668036 0.0004111726 0.0000000129 0.0371170941 0.0101206153 0.0021594345 -0.0001694814 0.0001200113 -0.0000001192 -0.0036319016 -0.0201472532 0.0128658488 -0.0004688936 0.0004782820 -0.0000001925 -0.0549458553 0.2563500563 0.0923172962 -0.0003646546 0.0057265025 0.0000017903 -0.0795974939 0.2001269542 0.0628877254 -0.0006654564 0.0038750016 0.0000008134 0.0015834822 0.0751658447 0.0036813994 -0.0000210062 0.0004979177 0.0000000882 0.0404555239 0.0503966977 0.0058834661 -0.0000533872 0.0004980926 0.0000000962 0.0200889214 0.0821739320 0.0197721848 -0.0001482041 0.0013178096 0.0000003234 0.0079575775 -0.0080620689 0.0317684535 -0.0001468563 0.0016090125 0.0000005556 -0.1298022633 0.2026202099 0.0471968811 -0.0000804344 0.0032095898 0.0000010524 0.0473938932 0.0461318089 0.0025307986 -0.0000021761 0.0003208393 0.0000000711 0.0252008347 0.0352876317 0.0042290762 -0.0000066969 0.0003599591 0.0000001008 0.0150780269 0.0495808259 0.0115387487 -0.0000261395 0.0007898429 0.0000002501 0.0058158415
 0.0247817083 0.0004568319 0.0000290842 0.0001649738 0.0000000497 -0.0519254399 -0.1389864229 -0.0252404226 0.0001432137 -0.0019033264 -0.0000004663 -0.0068124810 9.7655214496 -0.0119787796 -0.0000066015 -0.0016020840 -0.0000003595 -0.1138788243 -0.1262555753 -0.0076735597 0.0000053873 -0.0009267728 -0.0000002117 -0.0576347336 -0.0980966189 -0.0080319358 0.0000245490 -0.0008259302 -0.0000001896 -0.0430262142 0.0820446945 0.0017029214 0.0000001370 0.0004711769 0.0000000688 -0.0368604583 -0.1087417080 -0.0250981946 0.0001374287 -0.0017842193 -0.0000004572 0.0198404831 -0.3202728614 -0.0155933021 -0.0000098795 -0.0021480011 -0.0000004747 -0.1580269887 -0.1662624104 -0.0094454590 0.0000032838 -0.0011867133 -0.0000002678 -0.0775827149 -0.1169159498 -0.0090968870 0.0000201194 -0.0009620610 -0.0000002246 -0.0520947792 0.0870059365 0.0027162701 -0.0000218127 0.0005341985 0.0000000708 -0.0263074402 -0.0444758417 -0.0145981418 0.0001021110 -0.0009767851 -0.0000002353 0.0365442079 -0.3076869742 -0.0141064899 -0.0000093762 -0.0020176061 -0.0000004363 -0.1547540815 -0.1551122607 -0.0079883407 0.0000013630 -0.0010645917 -0.0000002331 -0.0744769282 -0.1021782900 -0.0068045764 0.0000124623 -0.0007831716 -0.0000001758 -0.0476103980 0.0391241784 0.0020541402 -0.0000242256 0.0002868098 0.0000000358 -0.0276934352 0.0033330779 -0.0031588302 0.0000630700 -0.0001764891 -0.0000000029 0.0325875530 -0.2090104935 -0.0089204111 -0.0000057765 -0.0013356626 -0.0000002809 -0.1074063540 -0.1028072693 -0.0046431008 0.0000008482 -0.0006718154 -0.0000001400 -0.0510140866 -0.0659049254 -0.0032785440 0.0000067860 -0.0004483730 -0.0000000898 -0.0328442384 -0.0017819383 0.0001145770 -0.0000190536 0.0000075449 -0.0000000176 -0.0249122826 0.0237141267 0.0019962759 0.0000321835 0.0001881784 0.0000000872 0.0231563546 -0.1001167495 -0.0039466442 -0.0000023058 -0.0006226009 -0.0000001267 -0.0525615378 -0.0476681908 -0.0018314472 0.0000007588 -0.0002948288 -0.0000000573 -0.0244183578 -0.0298164816 -0.0009588304 0.0000030943 -0.0001758401 -0.0000000289 -0.0159385762
 0.0034909373 -0.0080975293 -0.0002584568 -0.0004372902 -0.0000004405 -0.0059791099 -0.0115013663 -0.0204500093 -0.0004669599 -0.0011604975 -0.0000009348 -0.0039452814 -0.0119787796 9.9987138256 -0.0000151120 -0.0001183812 -0.0000000484 -0.0056617150 -0.0069336590 -0.0019593807 -0.0000373637 -0.0001347132 -0.0000000842 -0.0031999187 -0.0054619952 -0.0045168008 -0.0001048738 -0.0002689756 -0.0000002092 -0.0029839229 0.0079985408 -0.0065715345 -0.0002243385 -0.0003362364 -0.0000003699 -0.0041592367 -0.0066947447 -0.0190261252 -0.0004158789 -0.0010608808 -0.0000008495 0.0004772478 -0.0149710952 -0.0014053973 -0.0000137267 -0.0001369044 -0.0000000508 -0.0070281657 -0.0081172459 -0.0019273912 -0.0000334029 -0.0001375551 -0.0000000799 -0.0036017331 -0.0052605209 -0.0041888299 -0.0000929942 -0.0002498606 -0.0000001897 -0.0025389658 0.0063874028 -0.0033759070 -0.0001288602 -0.0001661592 -0.0000002025 -0.0030585651 -0.0007551444 -0.0120798499 -0.0002489485 -0.0006573051 -0.0000005228 0.0040146699 -0.0128441774 -0.0010755398 -0.0000084593 -0.0001103364 -0.0000000373 -0.0059752763 -0.0066034904 -0.0013149970 -0.0000201087 -0.0000980015 -0.0000000522 -0.0028126250 -0.0037421037 -0.0026521539 -0.0000552869 -0.0001596019 -0.0000001166 -0.0015234915 0.0011331938 -0.0009772784 -0.0000480071 -0.0000536320 -0.0000000693 -0.0030153082 0.0013775606 -0.0053130140 -0.0001004311 -0.0002809413 -0.0000002202 0.0038713723 -0.0075652841 -0.0005807898 -0.0000035677 -0.0000620968 -0.0000000194 -0.0034666307 -0.0037523045 -0.0006316626 -0.0000081835 -0.0000493335 -0.0000000238 -0.0015244017 -0.0021353843 -0.0011590717 -0.0000220185 -0.0000716694 -0.0000000490 -0.0007360902 -0.0013003906 0.0000122327 -0.0000105089 -0.0000074222 -0.0000000105 -0.0021724054 0.0007215977 -0.0016622096 -0.0000274365 -0.0000862147 -0.0000000648 0.0019031616 -0.0030539268 -0.0002230529 -0.0000010468 -0.0000244297 -0.0000000072 -0.0013615279 -0.0014958522 -0.0002176579 -0.0000022669 -0.0000177834 -0.0000000077 -0.0005708708 -0.0009883897 -0.0003494915 -0.0000058188 -0.0000230163 -0.0000000140 -0.0003105981
 0.0000413918 -0.0002003288 -0.0000079292 -0.0000113880 -0.0000000125 -0.0000867877 0.0000169618 -0.0004627341 -0.0000143217 -0.0000256560 -0.0000000249 -0.0001446325 -0.0000066015 -0.0000151120 9.9999995575 -0.0000008629 -0.0000000008 -0.0000078013 -0.0000021715 -0.0000369673 -0.0000011346 -0.0000020627 -0.0000000020 -0.0000131551 0.0000038871 -0.0000992453 -0.0000032101 -0.0000055358 -0.0000000055 -0.0000342549 0.0000765116 -0.0001402133 -0.0000067504 -0.0000080579 -0.0000000099 -0.0000637254 0.0000644804 -0.0003946848 -0.0000125971 -0.0000217570 -0.0000000216 -0.0001047582 -0.0000071891 -0.0000133338 -0.0000003912 -0.0000007675 -0.0000000007 -0.0000074591 0.0000006246 -0.0000316993 -0.0000009985 -0.0000017641 -0.0000000017 -0.0000104173 0.0000145272 -0.0000821919 -0.0000028052 -0.0000045710 -0.0000000047 -0.0000255712 0.0000488002 -0.0000488153 -0.0000037491 -0.0000030514 -0.0000000048 -0.0000423361 0.0000603346 -0.0002201299 -0.0000073902 -0.0000121165 -0.0000000124 -0.0000519051 -0.0000057895 -0.0000078693 -0.0000002314 -0.0000004600 -0.0000000004 -0.0000049935 0.0000010600 -0.0000178455 -0.0000005863 -0.0000009960 -0.0000000010 -0.0000057998 0.0000119659 -0.0000434858 -0.0000016284 -0.0000024348 -0.0000000026 -0.0000141002 0.0000012334 0.0000038521 -0.0000013130 -0.0000001314 -0.0000000012 -0.0000292864 0.0000232549 -0.0000779096 -0.0000028761 -0.0000043431 -0.0000000046 -0.0000209523 -0.0000032892 -0.0000030892 -0.0000000914 -0.0000001853 -0.0000000002 -0.0000022727 -0.0000000925 -0.0000064316 -0.0000002286 -0.0000003653 -0.0000000004 -0.0000024613 0.0000026686 -0.0000136945 -0.0000006217 -0.0000007981 -0.0000000009 -0.0000068625 -0.0000087385 0.0000134742 -0.0000002556 0.0000005454 0.0000000001 -0.0000125442 0.0000012857 -0.0000157907 -0.0000007323 -0.0000009317 -0.0000000011 -0.0000074264 -0.0000011998 -0.0000007918 -0.0000000240 -0.0000000493 -0.0000000000 -0.0000006165 -0.0000004699 -0.0000013637 -0.0000000584 -0.0000000819 -0.0000000001 -0.0000007633 -0.0000010389 -0.0000017517 -0.0000001519 -0.0000001259 -0.0000000002 -0.0000025696
 0.0002898261 -0.0004361269 -0.0000141992 -0.0000230589 -0.0000000240 -0.0005375874 -0.0011786093 -0.0012133025 -0.0000252787 -0.0000708193 -0.0000000532 -0.0002521598 -0.0016020840 -0.0001183812 -0.0000008629 9.9999870708 -0.0000000041 -0.0007703894 -0.0008878151 -0.0001374997 -0.0000020469 -0.0000110775 -0.0000000055 -0.0004084830 -0.0006932990 -0.0002777610 -0.0000057082 -0.0000179699 -0.0000000122 -0.0003389191 0.0007673907 -0.0003429927 -0.0000123996 -0.0000160604 -0.0000000199 -0.0003769663 -0.0007947090 -0.0011286633 -0.0000224341 -0.0000645763 -0.0000000482 0.0000949251 -0.0021146832 -0.0001393933 -0.0000007983 -0.0000161517 -0.0000000047 -0.0010249517 -0.0011153152 -0.0001424548 -0.0000018330 -0.0000122644 -0.0000000054 -0.0005118874 -0.0007593585 -0.0002626580 -0.0000050590 -0.0000174036 -0.0000000113 -0.0003521310 0.0007000773 -0.0001628593 -0.0000071823 -0.0000064210 -0.0000000106 -0.0002733767 -0.0002153125 -0.0007046528 -0.0000133074 -0.0000391547 -0.0000000293 0.0003564704 -0.0019500849 -0.0001154114 -0.0000005041 -0.0000141853 -0.0000000038 -0.0009554850 -0.0009891916 -0.0001030085 -0.0000011028 -0.0000096098 -0.0000000038 -0.0004568637 -0.0006183683 -0.0001689830 -0.0000029958 -0.0000117269 -0.0000000070 -0.0002787407 0.0002204021 -0.0000373095 -0.0000027199 -0.0000013934 -0.0000000035 -0.0002759418 0.0000910190 -0.0002920158 -0.0000052481 -0.0000155151 -0.0000000118 0.0003363604 -0.0012632103 -0.0000675636 -0.0000002191 -0.0000088017 -0.0000000022 -0.0006270007 -0.0006226229 -0.0000524491 -0.0000004452 -0.0000053790 -0.0000000018 -0.0002914914 -0.0003844949 -0.0000739964 -0.0000011783 -0.0000056084 -0.0000000030 -0.0001752988 -0.0000779980 0.0000047609 -0.0000006408 -0.0000001965 -0.0000000006 -0.0002187908 0.0001369426 -0.0000768335 -0.0000013557 -0.0000036504 -0.0000000030 0.0001948610 -0.0005748794 -0.0000280376 -0.0000000663 -0.0000038603 -0.0000000009 -0.0002890666 -0.0002758361 -0.0000188622 -0.0000001199 -0.0000021479 -0.0000000006 -0.0001311028 -0.0001754162 -0.0000216384 -0.0000003022 -0.0000019063 -0.0000000009 -0.0000825809
 0.0000001289 -0.0000003845 -0.0000000138 -0.0000000213 -0.0000000000 -0.0000002404 -0.0000002904 -0.0000009361 -0.0000000249 -0.0000000527 -0.0000000000 -0.0000002374 -0.0000003595 -0.0000000484 -0.0000000008 -0.0000000041 10.0000000000 -0.0000001757 -0.0000002030 -0.0000000841 -0.0000000020 -0.0000000054 -0.0000000000 -0.0000001058 -0.0000001538 -0.0000002047 -0.0000000056 -0.0000000119 -0.0000000000 -0.0000001170 0.0000002861 -0.0000002892 -0.0000000119 -0.0000000156 -0.0000000000 -0.0000001708 -0.0000001238 -0.0000008355 -0.0000000220 -0.0000000465 -0.0000000000 -0.0000000883 -0.0000004580 -0.0000000506 -0.0000000007 -0.0000000046 -0.0000000000 -0.0000002218 -0.0000002410 -0.0000000787 -0.0000000018 -0.0000000053 -0.0000000000 -0.0000001191 -0.0000001452 -0.0000001805 -0.0000000049 -0.0000000106 -0.0000000000 -0.0000001015 0.0000002237 -0.0000001247 -0.0000000067 -0.0000000067 -0.0000000000 -0.0000001207 0.0000000283 -0.0000004994 -0.0000000130 -0.0000000274 -0.0000000000 0.0000000507 -0.0000004042 -0.0000000372 -0.0000000004 -0.0000000037 -0.0000000000 -0.0000001945 -0.0000002026 -0.0000000505 -0.0000000010 -0.0000000036 -0.0000000000 -0.0000000956 -0.0000001085 -0.0000001061 -0.0000000029 -0.0000000063 -0.0000000000 -0.0000000655 0.0000000406 -0.0000000177 -0.0000000024 -0.0000000013 -0.0000000000 -0.0000001071 0.0000000557 -0.0000001996 -0.0000000051 -0.0000000108 -0.0000000000 0.0000000775 -0.0000002478 -0.0000000194 -0.0000000002 -0.0000000021 -0.0000000000 -0.0000001184 -0.0000001210 -0.0000000224 -0.0000000004 -0.0000000017 -0.0000000000 -0.0000000549 -0.0000000688 -0.0000000412 -0.0000000011 -0.0000000026 -0.0000000000 -0.0000000351 -0.0000000387 0.0000000137 -0.0000000005 0.0000000004 -0.0000000000 -0.0000000704 0.0000000260 -0.0000000528 -0.0000000013 -0.0000000028 -0.0000000000 0.0000000436 -0.0000001054 -0.0000000072 -0.0000000000 -0.0000000008 -0.0000000000 -0.0000000499 -0.0000000510 -0.0000000069 -0.0000000001 -0.0000000006 -0.0000000000 -0.0000000222 -0.0000000339 -0.0000000100 -0.0000000003 -0.0000000007 -0.0000000000 -0.0000000152
 0.0106851205 -0.0018853016 -0.0000816371 -0.0000484269 -0.0000001205 -0.0259951737 -0.0519463295 -0.0131114195 -0.0000917895 -0.0009230575 -0.0000004035 -0.0051711590 -0.1138788243 -0.0056617150 -0.0000078013 -0.0007703894 -0.0000001757 9.9436258758 -0.0599944672 -0.0036830411 -0.0000099507 -0.0004437455 -0.0000001141 -0.0284778925 -0.0453755944 -0.0041819232 -0.0000246723 -0.0004107633 -0.0000001346 -0.0217376819 0.0378243006 -0.0003682268 -0.0000820606 0.0001459315 -0.0000000772 -0.0199605444 -0.0432092126 -0.0114255561 -0.0000715779 -0.0008038936 -0.0000003416 0.0015293711 -0.1605042396 -0.0074435314 -0.0000086788 -0.0010573510 -0.0000002333 -0.0811599874 -0.0822139309 -0.0044499177 -0.0000091414 -0.0005765103 -0.0000001384 -0.0402030758 -0.0572930251 -0.0043623595 -0.0000215865 -0.0004704421 -0.0000001398 -0.0284546134 0.0437066837 0.0013658806 -0.0000573644 0.0002603192 -0.0000000114 -0.0138889217 -0.0229513058 -0.0050223404 -0.0000272778 -0.0003830318 -0.0000001461 0.0040312103 -0.1604709260 -0.0068529554 -0.0000066816 -0.0010258935 -0.0000002180 -0.0832560027 -0.0805895387 -0.0037290249 -0.0000052850 -0.0005317378 -0.0000001177 -0.0409224920 -0.0536973259 -0.0029672350 -0.0000114598 -0.0003821504 -0.0000000970 -0.0283726948 0.0246386857 0.0014282979 -0.0000308682 0.0001826368 0.0000000096 -0.0124117888 -0.0031861477 0.0006560420 0.0000044493 0.0000034743 0.0000000197 0.0036635454 -0.1142325937 -0.0044413047 -0.0000035252 -0.0007071392 -0.0000001441 -0.0609640390 -0.0563773983 -0.0021588356 -0.0000016131 -0.0003483247 -0.0000000701 -0.0298433009 -0.0367945800 -0.0012327379 -0.0000029339 -0.0002199276 -0.0000000435 -0.0209616516 0.0045976479 -0.0000152052 -0.0000176874 0.0000234590 -0.0000000169 -0.0105262263 0.0126169982 0.0024886509 0.0000111976 0.0001733478 0.0000000725 0.0067303212 -0.0574827075 -0.0020217216 -0.0000012368 -0.0003445676 -0.0000000672 -0.0315383306 -0.0274076073 -0.0008417849 0.0000000189 -0.0001584534 -0.0000000286 -0.0151019003 -0.0169142353 -0.0002555783 0.0000000126 -0.0000847627 -0.0000000117 -0.0104454207
 -0.0319954398 -0.0024706282 0.0000652504 -0.0002457541 0.0000000001 -0.0381203806 -0.3429132255 -0.0323620766 0.0001376644 -0.0031225783 -0.0000007062 -0.1080211425 -0.1262555753 -0.0069336590 -0.0000021715 -0.0008878151 -0.0000002030 -0.0599944672 9.9138407588 -0.0056346969 0.0000073625 -0.0006532102 -0.0000001496 -0.0375625973 -0.1006843961 -0.0078029082 0.0000280793 -0.0008261902 -0.0000001821 -0.0406395933 0.0391066321 0.0011847123 0.0000502833 0.0002390589 0.0000000926 -0.0126269417 -0.2518298194 -0.0291278645 0.0001348376 -0.0025882961 -0.0000006032 -0.0501952768 -0.1625742327 -0.0085281879 -0.0000038398 -0.0011224818 -0.0000002535 -0.0783251359 -0.0983447766 -0.0062250037 0.0000062698 -0.0007357123 -0.0000001683 -0.0430133495 -0.0914049429 -0.0074665453 0.0000258575 -0.0007725677 -0.0000001733 -0.0348617082 0.0745454734 0.0048933383 0.0000255698 0.0005738947 0.0000001633 0.0009104824 -0.0702780314 -0.0140679820 0.0001028953 -0.0010546215 -0.0000002331 0.0261437554 -0.1472400907 -0.0072551989 -0.0000037341 -0.0009921942 -0.0000002193 -0.0722188766 -0.0786171450 -0.0045931581 0.0000043375 -0.0005689396 -0.0000001266 -0.0348647696 -0.0533869160 -0.0042429113 0.0000184236 -0.0004479295 -0.0000000950 -0.0191248807 0.0367230944 0.0046273947 0.0000069030 0.0003982756 0.0000001245 -0.0130560707 0.0323721581 -0.0011345424 0.0000642593 0.0000517172 0.0000000534 0.0488999854 -0.0949107595 -0.0043060893 -0.0000021650 -0.0006202017 -0.0000001328 -0.0475963976 -0.0455345968 -0.0022567085 0.0000027865 -0.0003089485 -0.0000000640 -0.0208774252 -0.0226114914 -0.0011730045 0.0000107961 -0.0001591786 -0.0000000231 -0.0085845868 -0.0165080144 0.0013672486 -0.0000039909 0.0000061494 0.0000000208 -0.0285031031 0.0277550216 0.0025765054 0.0000319756 0.0002367169 0.0000001012 0.0243011683 -0.0440814980 -0.0018018880 -0.0000007354 -0.0002776905 -0.0000000570 -0.0226860934 -0.0202937610 -0.0007486853 0.0000015546 -0.0001244284 -0.0000000224 -0.0098728108 -0.0113363298 -0.0000319480 0.0000048505 -0.0000508573 0.0000000003 -0.0058759375
