
 8.0249732666 -0.0450754257 -0.0000188421 -0.0105172757 -0.0000017311 -1.2299858363 -0.3290919560 -0.0075107642 -0.0000031396 -0.0017524577 -0.0000002885 -0.2049483371 -0.0010043466 -0.0000229219 -0.0000000096 -0.0000053483 -0.0000000009 -0.0006254762 -0.0257489336 -0.0005876600 -0.0000002456 -0.0001371164 -0.0000000226 -0.0160356430 -0.2210583889 -0.0050451474 -0.0000021089 -0.0011771648 -0.0000001938 -0.1376683580 -1.5250135426 -0.0348049135 -0.0000145489 -0.0081208966 -0.0000013367 -0.9497314775 -0.2541077957 -0.0057994238 -0.0000024242 -0.0013531573 -0.0000002227 -0.1582505109 -0.0007755045 -0.0000176991 -0.0000000074 -0.0000041297 -0.0000000007 -0.0004829604 -0.0198819954 -0.0004537606 -0.0000001897 -0.0001058742 -0.0000000174 -0.0123818946 -0.1706898601 -0.0038956020 -0.0000016284 -0.0009089458 -0.0000001496 -0.1063003891 -0.7893264017 -0.0180145529 -0.0000075303 -0.0042032664 -0.0000006919 -0.4915681787 -0.1315227612 -0.0030017034 -0.0000012547 -0.0007003759 -0.0000001153 -0.0819083259 -0.0004013907 -0.0000091608 -0.0000000038 -0.0000021375 -0.0000000004 -0.0002499738 -0.0102906522 -0.0002348604 -0.0000000982 -0.0000547991 -0.0000000090 -0.0064087013 -0.0883467650 -0.0020163110 -0.0000008428 -0.0004704581 -0.0000000774 -0.0550196450 -0.2738556881 -0.0062501239 -0.0000026126 -0.0014583174 -0.0000002400 -0.1705488902 -0.0456316375 -0.0010414368 -0.0000004353 -0.0002429944 -0.0000000400 -0.0284179788 -0.0001392619 -0.0000031783 -0.0000000013 -0.0000007416 -0.0000000001 -0.0000867280 -0.0035703273 -0.0000814845 -0.0000000341 -0.0000190125 -0.0000000031 -0.0022234899 -0.0306517862 -0.0006995563 -0.0000002924 -0.0001632248 -0.0000000269 -0.0190889887 -0.0636896862 -0.0014535701 -0.0000006076 -0.0003391559 -0.0000000558 -0.0396639755 -0.0106123948 -0.0002422034 -0.0000001012 -0.0000565124 -0.0000000093 -0.0066090727 -0.0000323877 -0.0000007392 -0.0000000003 -0.0000001725 -0.0000000000 -0.0000201700 -0.0008303389 -0.0000189506 -0.0000000079 -0.0000044217 -0.0000000007 -0.0005171095 -0.0071285817 -0.0001626934 -0.0000000680 -0.0000379606 -0.0000000062 -0.0044394612
 -0.0450754257 9.9989712575 -0.0000004300 -0.0002400325 -0.0000000395 -0.0280715872 -0.0075107642 -0.0001714159 -0.0000000717 -0.0000399958 -0.0000000066 -0.0046774727 -0.0000229219 -0.0000005231 -0.0000000002 -0.0000001221 -0.0000000000 -0.0000142750 -0.0005876600 -0.0000134120 -0.0000000056 -0.0000031294 -0.0000000005 -0.0003659765 -0.0050451474 -0.0001151438 -0.0000000481 -0.0000268661 -0.0000000044 -0.0031419625 -0.0348049135 -0.0007943418 -0.0000003320 -0.0001853407 -0.0000000305 -0.0216754284 -0.0057994238 -0.0001323585 -0.0000000553 -0.0000308827 -0.0000000051 -0.0036117026 -0.0000176991 -0.0000004039 -0.0000000002 -0.0000000943 -0.0000000000 -0.0000110225 -0.0004537606 -0.0000103560 -0.0000000043 -0.0000024163 -0.0000000004 -0.0002825882 -0.0038956020 -0.0000889081 -0.0000000372 -0.0000207446 -0.0000000034 -0.0024260610 -0.0180145529 -0.0004111406 -0.0000001719 -0.0000959299 -0.0000000158 -0.0112189089 -0.0030017034 -0.0000685070 -0.0000000286 -0.0000159845 -0.0000000026 -0.0018693684 -0.0000091608 -0.0000002091 -0.0000000001 -0.0000000488 -0.0000000000 -0.0000057051 -0.0002348604 -0.0000053601 -0.0000000022 -0.0000012507 -0.0000000002 -0.0001462638 -0.0020163110 -0.0000460176 -0.0000000192 -0.0000107371 -0.0000000018 -0.0012556964 -0.0062501239 -0.0001426446 -0.0000000596 -0.0000332827 -0.0000000055 -0.0038923847 -0.0010414368 -0.0000237684 -0.0000000099 -0.0000055458 -0.0000000009 -0.0006485748 -0.0000031783 -0.0000000725 -0.0000000000 -0.0000000169 -0.0000000000 -0.0000019794 -0.0000814845 -0.0000018597 -0.0000000008 -0.0000004339 -0.0000000001 -0.0000507460 -0.0006995563 -0.0000159658 -0.0000000067 -0.0000037252 -0.0000000006 -0.0004356621 -0.0014535701 -0.0000331744 -0.0000000139 -0.0000077405 -0.0000000013 -0.0009052387 -0.0002422034 -0.0000055277 -0.0000000023 -0.0000012898 -0.0000000002 -0.0001508368 -0.0000007392 -0.0000000169 -0.0000000000 -0.0000000039 -0.0000000000 -0.0000004603 -0.0000189506 -0.0000004325 -0.0000000002 -0.0000001009 -0.0000000000 -0.0000118018 -0.0001626934 -0.0000037131 -0.0000000016 -0.0000008664 -0.0000000001 -0.0001013205
 -0.0000188421 -0.0000004300 9.9999999998 -0.0000001003 -0.0000000000 -0.0000117343 -0.0000031396 -0.0000000717 -0.0000000000 -0.0000000167 -0.0000000000 -0.0000019552 -0.0000000096 -0.0000000002 -0.0000000000 -0.0000000001 -0.0000000000 -0.0000000060 -0.0000002456 -0.0000000056 -0.0000000000 -0.0000000013 -0.0000000000 -0.0000001530 -0.0000021089 -0.0000000481 -0.0000000000 -0.0000000112 -0.0000000000 -0.0000013134 -0.0000145489 -0.0000003320 -0.0000000001 -0.0000000775 -0.0000000000 -0.0000090606 -0.0000024242 -0.0000000553 -0.0000000000 -0.0000000129 -0.0000000000 -0.0000015097 -0.0000000074 -0.0000000002 -0.0000000000 -0.0000000000 -0.0000000000 -0.0000000046 -0.0000001897 -0.0000000043 -0.0000000000 -0.0000000010 -0.0000000000 -0.0000001181 -0.0000016284 -0.0000000372 -0.0000000000 -0.0000000087 -0.0000000000 -0.0000010141 -0.0000075303 -0.0000001719 -0.0000000001 -0.0000000401 -0.0000000000 -0.0000046896 -0.0000012547 -0.0000000286 -0.0000000000 -0.0000000067 -0.0000000000 -0.0000007814 -0.0000000038 -0.0000000001 -0.0000000000 -0.0000000000 -0.0000000000 -0.0000000024 -0.0000000982 -0.0000000022 -0.0000000000 -0.0000000005 -0.0000000000 -0.0000000611 -0.0000008428 -0.0000000192 -0.0000000000 -0.0000000045 -0.0000000000 -0.0000005249 -0.0000026126 -0.0000000596 -0.0000000000 -0.0000000139 -0.0000000000 -0.0000016271 -0.0000004353 -0.0000000099 -0.0000000000 -0.0000000023 -0.0000000000 -0.0000002711 -0.0000000013 -0.0000000000 -0.0000000000 -0.0000000000 -0.0000000000 -0.0000000008 -0.0000000341 -0.0000000008 -0.0000000000 -0.0000000002 -0.0000000000 -0.0000000212 -0.0000002924 -0.0000000067 -0.0000000000 -0.0000000016 -0.0000000000 -0.0000001821 -0.0000006076 -0.0000000139 -0.0000000000 -0.0000000032 -0.0000000000 -0.0000003784 -0.0000001012 -0.0000000023 -0.0000000000 -0.0000000005 -0.0000000000 -0.0000000631 -0.0000000003 -0.0000000000 -0.0000000000 -0.0000000000 -0.0000000000 -0.0000000002 -0.0000000079 -0.0000000002 -0.0000000000 -0.0000000000 -0.0000000000 -0.0000000049 -0.0000000680 -0.0000000016 -0.0000000000 -0.0000000004 -0.0000000000 -0.0000000424
 -0.0105172757 -0.0002400325 -0.0000001003 9.9999439941 -0.0000000092 -0.0065498355 -0.0017524577 -0.0000399958 -0.0000000167 -0.0000093321 -0.0000000015 -0.0010913767 -0.0000053483 -0.0000001221 -0.0000000001 -0.0000000285 -0.0000000000 -0.0000033307 -0.0001371164 -0.0000031294 -0.0000000013 -0.0000007302 -0.0000000001 -0.0000853919 -0.0011771648 -0.0000268661 -0.0000000112 -0.0000062686 -0.0000000010 -0.0007331020 -0.0081208966 -0.0001853407 -0.0000000775 -0.0000432448 -0.0000000071 -0.0050574444 -0.0013531573 -0.0000308827 -0.0000000129 -0.0000072057 -0.0000000012 -0.0008427047 -0.0000041297 -0.0000000943 -0.0000000000 -0.0000000220 -0.0000000000 -0.0000025718 -0.0001058742 -0.0000024163 -0.0000000010 -0.0000005638 -0.0000000001 -0.0000659352 -0.0009089458 -0.0000207446 -0.0000000087 -0.0000048403 -0.0000000008 -0.0005660635 -0.0042032664 -0.0000959299 -0.0000000401 -0.0000223829 -0.0000000037 -0.0026176649 -0.0007003759 -0.0000159845 -0.0000000067 -0.0000037296 -0.0000000006 -0.0004361726 -0.0000021375 -0.0000000488 -0.0000000000 -0.0000000114 -0.0000000000 -0.0000013311 -0.0000547991 -0.0000012507 -0.0000000005 -0.0000002918 -0.0000000000 -0.0000341272 -0.0004704581 -0.0000107371 -0.0000000045 -0.0000025053 -0.0000000004 -0.0002929868 -0.0014583174 -0.0000332827 -0.0000000139 -0.0000077657 -0.0000000013 -0.0009081952 -0.0002429944 -0.0000055458 -0.0000000023 -0.0000012940 -0.0000000002 -0.0001513295 -0.0000007416 -0.0000000169 -0.0000000000 -0.0000000039 -0.0000000000 -0.0000004618 -0.0000190125 -0.0000004339 -0.0000000002 -0.0000001012 -0.0000000000 -0.0000118404 -0.0001632248 -0.0000037252 -0.0000000016 -0.0000008692 -0.0000000001 -0.0001016514 -0.0003391559 -0.0000077405 -0.0000000032 -0.0000018060 -0.0000000003 -0.0002112159 -0.0000565124 -0.0000012898 -0.0000000005 -0.0000003009 -0.0000000000 -0.0000351942 -0.0000001725 -0.0000000039 -0.0000000000 -0.0000000009 -0.0000000000 -0.0000001074 -0.0000044217 -0.0000001009 -0.0000000000 -0.0000000235 -0.0000000000 -0.0000027537 -0.0000379606 -0.0000008664 -0.0000000004 -0.0000002021 -0.0000000000 -0.0000236407
 -0.0000017311 -0.0000000395 -0.0000000000 -0.0000000092 10.0000000000 -0.0000010781 -0.0000002885 -0.0000000066 -0.0000000000 -0.0000000015 -0.0000000000 -0.0000001796 -0.0000000009 -0.0000000000 -0.0000000000 -0.0000000000 -0.0000000000 -0.0000000005 -0.0000000226 -0.0000000005 -0.0000000000 -0.0000000001 -0.0000000000 -0.0000000141 -0.0000001938 -0.0000000044 -0.0000000000 -0.0000000010 -0.0000000000 -0.0000001207 -0.0000013367 -0.0000000305 -0.0000000000 -0.0000000071 -0.0000000000 -0.0000008324 -0.0000002227 -0.0000000051 -0.0000000000 -0.0000000012 -0.0000000000 -0.0000001387 -0.0000000007 -0.0000000000 -0.0000000000 -0.0000000000 -0.0000000000 -0.0000000004 -0.0000000174 -0.0000000004 -0.0000000000 -0.0000000001 -0.0000000000 -0.0000000109 -0.0000001496 -0.0000000034 -0.0000000000 -0.0000000008 -0.0000000000 -0.0000000932 -0.0000006919 -0.0000000158 -0.0000000000 -0.0000000037 -0.0000000000 -0.0000004309 -0.0000001153 -0.0000000026 -0.0000000000 -0.0000000006 -0.0000000000 -0.0000000718 -0.0000000004 -0.0000000000 -0.0000000000 -0.0000000000 -0.0000000000 -0.0000000002 -0.0000000090 -0.0000000002 -0.0000000000 -0.0000000000 -0.0000000000 -0.0000000056 -0.0000000774 -0.0000000018 -0.0000000000 -0.0000000004 -0.0000000000 -0.0000000482 -0.0000002400 -0.0000000055 -0.0000000000 -0.0000000013 -0.0000000000 -0.0000001495 -0.0000000400 -0.0000000009 -0.0000000000 -0.0000000002 -0.0000000000 -0.0000000249 -0.0000000001 -0.0000000000 -0.0000000000 -0.0000000000 -0.0000000000 -0.0000000001 -0.0000000031 -0.0000000001 -0.0000000000 -0.0000000000 -0.0000000000 -0.0000000019 -0.0000000269 -0.0000000006 -0.0000000000 -0.0000000001 -0.0000000000 -0.0000000167 -0.0000000558 -0.0000000013 -0.0000000000 -0.0000000003 -0.0000000000 -0.0000000348 -0.0000000093 -0.0000000002 -0.0000000000 -0.0000000000 -0.0000000000 -0.0000000058 -0.0000000000 -0.0000000000 -0.0000000000 -0.0000000000 -0.0000000000 -0.0000000000 -0.0000000007 -0.0000000000 -0.0000000000 -0.0000000000 -0.0000000000 -0.0000000005 -0.0000000062 -0.0000000001 -0.0000000000 -0.0000000000 -0.0000000000 -0.0000000039
 -1.2299858363 -0.0280715872 -0.0000117343 -0.0065498355 -0.0000010781 9.2340026938 -0.2049483371 -0.0046774727 -0.0000019552 -0.0010913767 -0.0000001796 -0.1276355137 -0.0006254762 -0.0000142750 -0.0000000060 -0.0000033307 -0.0000000005 -0.0003895273 -0.0160356430 -0.0003659765 -0.0000001530 -0.0000853919 -0.0000000141 -0.0099865047 -0.1376683580 -0.0031419625 -0.0000013134 -0.0007331020 -0.0000001207 -0.0857356144 -0.9497314775 -0.0216754284 -0.0000090606 -0.0050574444 -0.0000008324 -0.5914635209 -0.1582505109 -0.0036117026 -0.0000015097 -0.0008427047 -0.0000001387 -0.0985535455 -0.0004829604 -0.0000110225 -0.0000000046 -0.0000025718 -0.0000000004 -0.0003007728 -0.0123818946 -0.0002825882 -0.0000001181 -0.0000659352 -0.0000000109 -0.0077110627 -0.1063003891 -0.0024260610 -0.0000010141 -0.0005660635 -0.0000000932 -0.0662006093 -0.4915681787 -0.0112189089 -0.0000046896 -0.0026176649 -0.0000004309 -0.3061335258 -0.0819083259 -0.0018693684 -0.0000007814 -0.0004361726 -0.0000000718 -0.0510099834 -0.0002499738 -0.0000057051 -0.0000000024 -0.0000013311 -0.0000000002 -0.0001556760 -0.0064087013 -0.0001462638 -0.0000000611 -0.0000341272 -0.0000000056 -0.0039911418 -0.0550196450 -0.0012556964 -0.0000005249 -0.0002929868 -0.0000000482 -0.0342645408 -0.1705488902 -0.0038923847 -0.0000016271 -0.0009081952 -0.0000001495 -0.1062125974 -0.0284179788 -0.0006485748 -0.0000002711 -0.0001513295 -0.0000000249 -0.0176978422 -0.0000867280 -0.0000019794 -0.0000000008 -0.0000004618 -0.0000000001 -0.0000540116 -0.0022234899 -0.0000507460 -0.0000000212 -0.0000118404 -0.0000000019 -0.0013847211 -0.0190889887 -0.0004356621 -0.0000001821 -0.0001016514 -0.0000000167 -0.0118880344 -0.0396639755 -0.0009052387 -0.0000003784 -0.0002112159 -0.0000000348 -0.0247015027 -0.0066090727 -0.0001508368 -0.0000000631 -0.0000351942 -0.0000000058 -0.0041159270 -0.0000201700 -0.0000004603 -0.0000000002 -0.0000001074 -0.0000000000 -0.0000125613 -0.0005171095 -0.0000118018 -0.0000000049 -0.0000027537 -0.0000000005 -0.0003220399 -0.0044394612 -0.0001013205 -0.0000000424 -0.0000236407 -0.0000000039 -0.0027647597
 -0.3290919560 -0.0075107642 -0.0000031396 -0.0017524577 -0.0000002885 -0.2049483371 9.9451645319 -0.0012514930 -0.0000005231 -0.0002920060 -0.0000000481 -0.0341498411 -0.0001673508 -0.0000038194 -0.0000000016 -0.0000008912 -0.0000000001 -0.0001042210 -0.0042904568 -0.0000979198 -0.0000000409 -0.0000228472 -0.0000000038 -0.0026719644 -0.0368342040 -0.0008406557 -0.0000003514 -0.0001961470 -0.0000000323 -0.0229392081 -0.2541077957 -0.0057994238 -0.0000024242 -0.0013531573 -0.0000002227 -0.1582505109 -0.0423411137 -0.0009663382 -0.0000004039 -0.0002254720 -0.0000000371 -0.0263687419 -0.0001292197 -0.0000029491 -0.0000000012 -0.0000006881 -0.0000000001 -0.0000804740 -0.0033128690 -0.0000756086 -0.0000000316 -0.0000176415 -0.0000000029 -0.0020631528 -0.0284414681 -0.0006491109 -0.0000002713 -0.0001514545 -0.0000000249 -0.0177124706 -0.1315227612 -0.0030017034 -0.0000012547 -0.0007003759 -0.0000001153 -0.0819083259 -0.0219151883 -0.0005001636 -0.0000002091 -0.0001167012 -0.0000000192 -0.0136481045 -0.0000668824 -0.0000015264 -0.0000000006 -0.0000003562 -0.0000000001 -0.0000416523 -0.0017146962 -0.0000391340 -0.0000000164 -0.0000091310 -0.0000000015 -0.0010678600 -0.0147209196 -0.0003359710 -0.0000001404 -0.0000783908 -0.0000000129 -0.0091677354 -0.0456316375 -0.0010414368 -0.0000004353 -0.0002429944 -0.0000000400 -0.0284179788 -0.0076034438 -0.0001735311 -0.0000000725 -0.0000404893 -0.0000000067 -0.0047351907 -0.0000232047 -0.0000005296 -0.0000000002 -0.0000001236 -0.0000000000 -0.0000144512 -0.0005949114 -0.0000135775 -0.0000000057 -0.0000031680 -0.0000000005 -0.0003704925 -0.0051074024 -0.0001165647 -0.0000000487 -0.0000271976 -0.0000000045 -0.0031807330 -0.0106123948 -0.0002422034 -0.0000001012 -0.0000565124 -0.0000000093 -0.0066090727 -0.0017683071 -0.0000403575 -0.0000000169 -0.0000094165 -0.0000000015 -0.0011012472 -0.0000053966 -0.0000001232 -0.0000000001 -0.0000000287 -0.0000000000 -0.0000033609 -0.0001383565 -0.0000031577 -0.0000000013 -0.0000007368 -0.0000000001 -0.0000861642 -0.0011878112 -0.0000271090 -0.0000000113 -0.0000063253 -0.0000000010 -0.0007397322
 -0.0075107642 -0.0001714159 -0.0000000717 -0.0000399958 -0.0000000066 -0.0046774727 -0.0012514930 9.9999714376 -0.0000000119 -0.0000066644 -0.0000000011 -0.0007793913 -0.0000038194 -0.0000000872 -0.0000000000 -0.0000000203 -0.0000000000 -0.0000023786 -0.0000979198 -0.0000022348 -0.0000000009 -0.0000005214 -0.0000000001 -0.0000609814 -0.0008406557 -0.0000191860 -0.0000000080 -0.0000044766 -0.0000000007 -0.0005235345 -0.0057994238 -0.0001323585 -0.0000000553 -0.0000308827 -0.0000000051 -0.0036117026 -0.0009663382 -0.0000220544 -0.0000000092 -0.0000051459 -0.0000000008 -0.0006018057 -0.0000029491 -0.0000000673 -0.0000000000 -0.0000000157 -0.0000000000 -0.0000018366 -0.0000756086 -0.0000017256 -0.0000000007 -0.0000004026 -0.0000000001 -0.0000470867 -0.0006491109 -0.0000148145 -0.0000000062 -0.0000034566 -0.0000000006 -0.0004042463 -0.0030017034 -0.0000685070 -0.0000000286 -0.0000159845 -0.0000000026 -0.0018693684 -0.0005001636 -0.0000114151 -0.0000000048 -0.0000026634 -0.0000000004 -0.0003114865 -0.0000015264 -0.0000000348 -0.0000000000 -0.0000000081 -0.0000000000 -0.0000009506 -0.0000391340 -0.0000008931 -0.0000000004 -0.0000002084 -0.0000000000 -0.0000243714 -0.0003359710 -0.0000076678 -0.0000000032 -0.0000017891 -0.0000000003 -0.0002092324 -0.0010414368 -0.0000237684 -0.0000000099 -0.0000055458 -0.0000000009 -0.0006485748 -0.0001735311 -0.0000039604 -0.0000000017 -0.0000009241 -0.0000000002 -0.0001080698 -0.0000005296 -0.0000000121 -0.0000000000 -0.0000000028 -0.0000000000 -0.0000003298 -0.0000135775 -0.0000003099 -0.0000000001 -0.0000000723 -0.0000000000 -0.0000084556 -0.0001165647 -0.0000026603 -0.0000000011 -0.0000006207 -0.0000000001 -0.0000725929 -0.0002422034 -0.0000055277 -0.0000000023 -0.0000012898 -0.0000000002 -0.0001508368 -0.0000403575 -0.0000009211 -0.0000000004 -0.0000002149 -0.0000000000 -0.0000251334 -0.0000001232 -0.0000000028 -0.0000000000 -0.0000000007 -0.0000000000 -0.0000000767 -0.0000031577 -0.0000000721 -0.0000000000 -0.0000000168 -0.0000000000 -0.0000019665 -0.0000271090 -0.0000006187 -0.0000000003 -0.0000001444 -0.0000000000 -0.0000168827
 -0.0000031396 -0.0000000717 -0.0000000000 -0.0000000167 -0.0000000000 -0.0000019552 -0.0000005231 -0.0000000119 10.0000000000 -0.0000000028 -0.0000000000 -0.0000003258 -0.0000000016 -0.0000000000 -0.0000000000 -0.0000000000 -0.0000000000 -0.0000000010 -0.0000000409 -0.0000000009 -0.0000000000 -0.0000000002 -0.0000000000 -0.0000000255 -0.0000003514 -0.0000000080 -0.0000000000 -0.0000000019 -0.0000000000 -0.0000002188 -0.0000024242 -0.0000000553 -0.0000000000 -0.0000000129 -0.0000000000 -0.0000015097 -0.0000004039 -0.0000000092 -0.0000000000 -0.0000000022 -0.0000000000 -0.0000002516 -0.0000000012 -0.0000000000 -0.0000000000 -0.0000000000 -0.0000000000 -0.0000000008 -0.0000000316 -0.0000000007 -0.0000000000 -0.0000000002 -0.0000000000 -0.0000000197 -0.0000002713 -0.0000000062 -0.0000000000 -0.0000000014 -0.0000000000 -0.0000001690 -0.0000012547 -0.0000000286 -0.0000000000 -0.0000000067 -0.0000000000 -0.0000007814 -0.0000002091 -0.0000000048 -0.0000000000 -0.0000000011 -0.0000000000 -0.0000001302 -0.0000000006 -0.0000000000 -0.0000000000 -0.0000000000 -0.0000000000 -0.0000000004 -0.0000000164 -0.0000000004 -0.0000000000 -0.0000000001 -0.0000000000 -0.0000000102 -0.0000001404 -0.0000000032 -0.0000000000 -0.0000000007 -0.0000000000 -0.0000000875 -0.0000004353 -0.0000000099 -0.0000000000 -0.0000000023 -0.0000000000 -0.0000002711 -0.0000000725 -0.0000000017 -0.0000000000 -0.0000000004 -0.0000000000 -0.0000000452 -0.0000000002 -0.0000000000 -0.0000000000 -0.0000000000 -0.0000000000 -0.0000000001 -0.0000000057 -0.0000000001 -0.0000000000 -0.0000000000 -0.0000000000 -0.0000000035 -0.0000000487 -0.0000000011 -0.0000000000 -0.0000000003 -0.0000000000 -0.0000000303 -0.0000001012 -0.0000000023 -0.0000000000 -0.0000000005 -0.0000000000 -0.0000000631 -0.0000000169 -0.0000000004 -0.0000000000 -0.0000000001 -0.0000000000 -0.0000000105 -0.0000000001 -0.0000000000 -0.0000000000 -0.0000000000 -0.0000000000 -0.0000000000 -0.0000000013 -0.0000000000 -0.0000000000 -0.0000000000 -0.0000000000 -0.0000000008 -0.0000000113 -0.0000000003 -0.0000000000 -0.0000000001 -0.0000000000 -0.0000000071
 -0.0017524577 -0.0000399958 -0.0000000167 -0.0000093321 -0.0000000015 -0.0010913767 -0.0002920060 -0.0000066644 -0.0000000028 9.9999984450 -0.0000000003 -0.0001818524 -0.0000008912 -0.0000000203 -0.0000000000 -0.0000000047 -0.0000000000 -0.0000005550 -0.0000228472 -0.0000005214 -0.0000000002 -0.0000001217 -0.0000000000 -0.0000142286 -0.0001961470 -0.0000044766 -0.0000000019 -0.0000010445 -0.0000000002 -0.0001221543 -0.0013531573 -0.0000308827 -0.0000000129 -0.0000072057 -0.0000000012 -0.0008427047 -0.0002254720 -0.0000051459 -0.0000000022 -0.0000012007 -0.0000000002 -0.0001404170 -0.0000006881 -0.0000000157 -0.0000000000 -0.0000000037 -0.0000000000 -0.0000004285 -0.0000176415 -0.0000004026 -0.0000000002 -0.0000000939 -0.0000000000 -0.0000109866 -0.0001514545 -0.0000034566 -0.0000000014 -0.0000008065 -0.0000000001 -0.0000943212 -0.0007003759 -0.0000159845 -0.0000000067 -0.0000037296 -0.0000000006 -0.0004361726 -0.0001167012 -0.0000026634 -0.0000000011 -0.0000006214 -0.0000000001 -0.0000726779 -0.0000003562 -0.0000000081 -0.0000000000 -0.0000000019 -0.0000000000 -0.0000002218 -0.0000091310 -0.0000002084 -0.0000000001 -0.0000000486 -0.0000000000 -0.0000056865 -0.0000783908 -0.0000017891 -0.0000000007 -0.0000004174 -0.0000000001 -0.0000488194 -0.0002429944 -0.0000055458 -0.0000000023 -0.0000012940 -0.0000000002 -0.0001513295 -0.0000404893 -0.0000009241 -0.0000000004 -0.0000002156 -0.0000000000 -0.0000252155 -0.0000001236 -0.0000000028 -0.0000000000 -0.0000000007 -0.0000000000 -0.0000000770 -0.0000031680 -0.0000000723 -0.0000000000 -0.0000000169 -0.0000000000 -0.0000019729 -0.0000271976 -0.0000006207 -0.0000000003 -0.0000001448 -0.0000000000 -0.0000169378 -0.0000565124 -0.0000012898 -0.0000000005 -0.0000003009 -0.0000000000 -0.0000351942 -0.0000094165 -0.0000002149 -0.0000000001 -0.0000000501 -0.0000000000 -0.0000058643 -0.0000000287 -0.0000000007 -0.0000000000 -0.0000000002 -0.0000000000 -0.0000000179 -0.0000007368 -0.0000000168 -0.0000000000 -0.0000000039 -0.0000000000 -0.0000004588 -0.0000063253 -0.0000001444 -0.0000000001 -0.0000000337 -0.0000000000 -0.0000039392
 -0.0000002885 -0.0000000066 -0.0000000000 -0.0000000015 -0.0000000000 -0.0000001796 -0.0000000481 -0.0000000011 -0.0000000000 -0.0000000003 10.0000000000 -0.0000000299 -0.0000000001 -0.0000000000 -0.0000000000 -0.0000000000 -0.0000000000 -0.0000000001 -0.0000000038 -0.0000000001 -0.0000000000 -0.0000000000 -0.0000000000 -0.0000000023 -0.0000000323 -0.0000000007 -0.0000000000 -0.0000000002 -0.0000000000 -0.0000000201 -0.0000002227 -0.0000000051 -0.0000000000 -0.0000000012 -0.0000000000 -0.0000001387 -0.0000000371 -0.0000000008 -0.0000000000 -0.0000000002 -0.0000000000 -0.0000000231 -0.0000000001 -0.0000000000 -0.0000000000 -0.0000000000 -0.0000000000 -0.0000000001 -0.0000000029 -0.0000000001 -0.0000000000 -0.0000000000 -0.0000000000 -0.0000000018 -0.0000000249 -0.0000000006 -0.0000000000 -0.0000000001 -0.0000000000 -0.0000000155 -0.0000001153 -0.0000000026 -0.0000000000 -0.0000000006 -0.0000000000 -0.0000000718 -0.0000000192 -0.0000000004 -0.0000000000 -0.0000000001 -0.0000000000 -0.0000000120 -0.0000000001 -0.0000000000 -0.0000000000 -0.0000000000 -0.0000000000 -0.0000000000 -0.0000000015 -0.0000000000 -0.0000000000 -0.0000000000 -0.0000000000 -0.0000000009 -0.0000000129 -0.0000000003 -0.0000000000 -0.0000000001 -0.0000000000 -0.0000000080 -0.0000000400 -0.0000000009 -0.0000000000 -0.0000000002 -0.0000000000 -0.0000000249 -0.0000000067 -0.0000000002 -0.0000000000 -0.0000000000 -0.0000000000 -0.0000000042 -0.0000000000 -0.0000000000 -0.0000000000 -0.0000000000 -0.0000000000 -0.0000000000 -0.0000000005 -0.0000000000 -0.0000000000 -0.0000000000 -0.0000000000 -0.0000000003 -0.0000000045 -0.0000000001 -0.0000000000 -0.0000000000 -0.0000000000 -0.0000000028 -0.0000000093 -0.0000000002 -0.0000000000 -0.0000000000 -0.0000000000 -0.0000000058 -0.0000000015 -0.0000000000 -0.0000000000 -0.0000000000 -0.0000000000 -0.0000000010 -0.0000000000 -0.0000000000 -0.0000000000 -0.0000000000 -0.0000000000 -0.0000000000 -0.0000000001 -0.0000000000 -0.0000000000 -0.0000000000 -0.0000000000 -0.0000000001 -0.0000000010 -0.0000000000 -0.0000000000 -0.0000000000 -0.0000000000 -0.0000000006
 -0.2049483371 -0.0046774727 -0.0000019552 -0.0010913767 -0.0000001796 -0.1276355137 -0.0341498411 -0.0007793913 -0.0000003258 -0.0001818524 -0.0000000299 9.9787325305 -0.0001042210 -0.0000023786 -0.0000000010 -0.0000005550 -0.0000000001 -0.0000649056 -0.0026719644 -0.0000609814 -0.0000000255 -0.0000142286 -0.0000000023 -0.0016640172 -0.0229392081 -0.0005235345 -0.0000002188 -0.0001221543 -0.0000000201 -0.0142858325 -0.1582505109 -0.0036117026 -0.0000015097 -0.0008427047 -0.0000001387 -0.0985535455 -0.0263687419 -0.0006018057 -0.0000002516 -0.0001404170 -0.0000000231 -0.0164216405 -0.0000804740 -0.0000018366 -0.0000000008 -0.0000004285 -0.0000000001 -0.0000501168 -0.0020631528 -0.0000470867 -0.0000000197 -0.0000109866 -0.0000000018 -0.0012848680 -0.0177124706 -0.0004042463 -0.0000001690 -0.0000943212 -0.0000000155 -0.0110307813 -0.0819083259 -0.0018693684 -0.0000007814 -0.0004361726 -0.0000000718 -0.0510099834 -0.0136481045 -0.0003114865 -0.0000001302 -0.0000726779 -0.0000000120 -0.0084996192 -0.0000416523 -0.0000009506 -0.0000000004 -0.0000002218 -0.0000000000 -0.0000259398 -0.0010678600 -0.0000243714 -0.0000000102 -0.0000056865 -0.0000000009 -0.0006650303 -0.0091677354 -0.0002092324 -0.0000000875 -0.0000488194 -0.0000000080 -0.0057093833 -0.0284179788 -0.0006485748 -0.0000002711 -0.0001513295 -0.0000000249 -0.0176978422 -0.0047351907 -0.0001080698 -0.0000000452 -0.0000252155 -0.0000000042 -0.0029489310 -0.0000144512 -0.0000003298 -0.0000000001 -0.0000000770 -0.0000000000 -0.0000089998 -0.0003704925 -0.0000084556 -0.0000000035 -0.0000019729 -0.0000000003 -0.0002307313 -0.0031807330 -0.0000725929 -0.0000000303 -0.0000169378 -0.0000000028 -0.0019808625 -0.0066090727 -0.0001508368 -0.0000000631 -0.0000351942 -0.0000000058 -0.0041159270 -0.0011012472 -0.0000251334 -0.0000000105 -0.0000058643 -0.0000000010 -0.0006858228 -0.0000033609 -0.0000000767 -0.0000000000 -0.0000000179 -0.0000000000 -0.0000020930 -0.0000861642 -0.0000019665 -0.0000000008 -0.0000004588 -0.0000000001 -0.0000536604 -0.0007397322 -0.0000168827 -0.0000000071 -0.0000039392 -0.0000000006 -0.0004606825
 -0.0010043466 -0.0000229219 -0.0000000096 -0.0000053483 -0.0000000009 -0.0006254762 -0.0001673508 -0.0000038194 -0.0000000016 -0.0000008912 -0.0000000001 -0.0001042210 9.9999994893 -0.0000000117 -0.0000000000 -0.0000000027 -0.0000000000 -0.0000003181 -0.0000130939 -0.0000002988 -0.0000000001 -0.0000000697 -0.0000000000 -0.0000081545 -0.0001124133 -0.0000025656 -0.0000000011 -0.0000005986 -0.0000000001 -0.0000700075 -0.0007755045 -0.0000176991 -0.0000000074 -0.0000041297 -0.0000000007 -0.0004829604 -0.0001292197 -0.0000029491 -0.0000000012 -0.0000006881 -0.0000000001 -0.0000804740 -0.0000003944 -0.0000000090 -0.0000000000 -0.0000000021 -0.0000000000 -0.0000002456 -0.0000101105 -0.0000002307 -0.0000000001 -0.0000000538 -0.0000000000 -0.0000062965 -0.0000867997 -0.0000019810 -0.0000000008 -0.0000004622 -0.0000000001 -0.0000540562 -0.0004013907 -0.0000091608 -0.0000000038 -0.0000021375 -0.0000000004 -0.0002499738 -0.0000668824 -0.0000015264 -0.0000000006 -0.0000003562 -0.0000000001 -0.0000416523 -0.0000002041 -0.0000000047 -0.0000000000 -0.0000000011 -0.0000000000 -0.0000001271 -0.0000052330 -0.0000001194 -0.0000000000 -0.0000000279 -0.0000000000 -0.0000032590 -0.0000449264 -0.0000010253 -0.0000000004 -0.0000002392 -0.0000000000 -0.0000279788 -0.0001392619 -0.0000031783 -0.0000000013 -0.0000007416 -0.0000000001 -0.0000867280 -0.0000232047 -0.0000005296 -0.0000000002 -0.0000001236 -0.0000000000 -0.0000144512 -0.0000000708 -0.0000000016 -0.0000000000 -0.0000000004 -0.0000000000 -0.0000000441 -0.0000018156 -0.0000000414 -0.0000000000 -0.0000000097 -0.0000000000 -0.0000011307 -0.0000155871 -0.0000003557 -0.0000000001 -0.0000000830 -0.0000000000 -0.0000097072 -0.0000323877 -0.0000007392 -0.0000000003 -0.0000001725 -0.0000000000 -0.0000201700 -0.0000053966 -0.0000001232 -0.0000000001 -0.0000000287 -0.0000000000 -0.0000033609 -0.0000000165 -0.0000000004 -0.0000000000 -0.0000000001 -0.0000000000 -0.0000000103 -0.0000004222 -0.0000000096 -0.0000000000 -0.0000000022 -0.0000000000 -0.0000002630 -0.0000036250 -0.0000000827 -0.0000000000 -0.0000000193 -0.0000000000 -0.0000022576
 -0.0000229219 -0.0000005231 -0.0000000002 -0.0000001221 -0.0000000000 -0.0000142750 -0.0000038194 -0.0000000872 -0.0000000000 -0.0000000203 -0.0000000000 -0.0000023786 -0.0000000117 9.9999999997 -0.0000000000 -0.0000000001 -0.0000000000 -0.0000000073 -0.0000002988 -0.0000000068 -0.0000000000 -0.0000000016 -0.0000000000 -0.0000001861 -0.0000025656 -0.0000000586 -0.0000000000 -0.0000000137 -0.0000000000 -0.0000015978 -0.0000176991 -0.0000004039 -0.0000000002 -0.0000000943 -0.0000000000 -0.0000110225 -0.0000029491 -0.0000000673 -0.0000000000 -0.0000000157 -0.0000000000 -0.0000018366 -0.0000000090 -0.0000000002 -0.0000000000 -0.0000000000 -0.0000000000 -0.0000000056 -0.0000002307 -0.0000000053 -0.0000000000 -0.0000000012 -0.0000000000 -0.0000001437 -0.0000019810 -0.0000000452 -0.0000000000 -0.0000000105 -0.0000000000 -0.0000012337 -0.0000091608 -0.0000002091 -0.0000000001 -0.0000000488 -0.0000000000 -0.0000057051 -0.0000015264 -0.0000000348 -0.0000000000 -0.0000000081 -0.0000000000 -0.0000009506 -0.0000000047 -0.0000000001 -0.0000000000 -0.0000000000 -0.0000000000 -0.0000000029 -0.0000001194 -0.0000000027 -0.0000000000 -0.0000000006 -0.0000000000 -0.0000000744 -0.0000010253 -0.0000000234 -0.0000000000 -0.0000000055 -0.0000000000 -0.0000006386 -0.0000031783 -0.0000000725 -0.0000000000 -0.0000000169 -0.0000000000 -0.0000019794 -0.0000005296 -0.0000000121 -0.0000000000 -0.0000000028 -0.0000000000 -0.0000003298 -0.0000000016 -0.0000000000 -0.0000000000 -0.0000000000 -0.0000000000 -0.0000000010 -0.0000000414 -0.0000000009 -0.0000000000 -0.0000000002 -0.0000000000 -0.0000000258 -0.0000003557 -0.0000000081 -0.0000000000 -0.0000000019 -0.0000000000 -0.0000002215 -0.0000007392 -0.0000000169 -0.0000000000 -0.0000000039 -0.0000000000 -0.0000004603 -0.0000001232 -0.0000000028 -0.0000000000 -0.0000000007 -0.0000000000 -0.0000000767 -0.0000000004 -0.0000000000 -0.0000000000 -0.0000000000 -0.0000000000 -0.0000000002 -0.0000000096 -0.0000000002 -0.0000000000 -0.0000000001 -0.0000000000 -0.0000000060 -0.0000000827 -0.0000000019 -0.0000000000 -0.0000000004 -0.0000000000 -0.0000000515
 -0.0000000096 -0.0000000002 -0.0000000000 -0.0000000001 -0.0000000000 -0.0000000060 -0.0000000016 -0.0000000000 -0.0000000000 -0.0000000000 -0.0000000000 -0.0000000010 -0.0000000000 -0.0000000000 10.0000000000 -0.0000000000 -0.0000000000 -0.0000000000 -0.0000000001 -0.0000000000 -0.0000000000 -0.0000000000 -0.0000000000 -0.0000000001 -0.0000000011 -0.0000000000 -0.0000000000 -0.0000000000 -0.0000000000 -0.0000000007 -0.0000000074 -0.0000000002 -0.0000000000 -0.0000000000 -0.0000000000 -0.0000000046 -0.0000000012 -0.0000000000 -0.0000000000 -0.0000000000 -0.0000000000 -0.0000000008 -0.0000000000 -0.0000000000 -0.0000000000 -0.0000000000 -0.0000000000 -0.0000000000 -0.0000000001 -0.0000000000 -0.0000000000 -0.0000000000 -0.0000000000 -0.0000000001 -0.0000000008 -0.0000000000 -0.0000000000 -0.0000000000 -0.0000000000 -0.0000000005 -0.0000000038 -0.0000000001 -0.0000000000 -0.0000000000 -0.0000000000 -0.0000000024 -0.0000000006 -0.0000000000 -0.0000000000 -0.0000000000 -0.0000000000 -0.0000000004 -0.0000000000 -0.0000000000 -0.0000000000 -0.0000000000 -0.0000000000 -0.0000000000 -0.0000000000 -0.0000000000 -0.0000000000 -0.0000000000 -0.0000000000 -0.0000000000 -0.0000000004 -0.0000000000 -0.0000000000 -0.0000000000 -0.0000000000 -0.0000000003 -0.0000000013 -0.0000000000 -0.0000000000 -0.0000000000 -0.0000000000 -0.0000000008 -0.0000000002 -0.0000000000 -0.0000000000 -0.0000000000 -0.0000000000 -0.0000000001 -0.0000000000 -0.0000000000 -0.0000000000 -0.0000000000 -0.0000000000 -0.0000000000 -0.0000000000 -0.0000000000 -0.0000000000 -0.0000000000 -0.0000000000 -0.0000000000 -0.0000000001 -0.0000000000 -0.0000000000 -0.0000000000 -0.0000000000 -0.0000000001 -0.0000000003 -0.0000000000 -0.0000000000 -0.0000000000 -0.0000000000 -0.0000000002 -0.0000000001 -0.0000000000 -0.0000000000 -0.0000000000 -0.0000000000 -0.0000000000 -0.0000000000 -0.0000000000 -0.0000000000 -0.0000000000 -0.0000000000 -0.0000000000 -0.0000000000 -0.0000000000 -0.0000000000 -0.0000000000 -0.0000000000 -0.0000000000 -0.0000000000 -0.0000000000 -0.0000000000 -0.0000000000 -0.0000000000 -0.0000000000
 -0.0000053483 -0.0000001221 -0.0000000001 -0.0000000285 -0.0000000000 -0.0000033307 -0.0000008912 -0.0000000203 -0.0000000000 -0.0000000047 -0.0000000000 -0.0000005550 -0.0000000027 -0.0000000001 -0.0000000000 10.0000000000 -0.0000000000 -0.0000000017 -0.0000000697 -0.0000000016 -0.0000000000 -0.0000000004 -0.0000000000 -0.0000000434 -0.0000005986 -0.0000000137 -0.0000000000 -0.0000000032 -0.0000000000 -0.0000003728 -0.0000041297 -0.0000000943 -0.0000000000 -0.0000000220 -0.0000000000 -0.0000025718 -0.0000006881 -0.0000000157 -0.0000000000 -0.0000000037 -0.0000000000 -0.0000004285 -0.0000000021 -0.0000000000 -0.0000000000 -0.0000000000 -0.0000000000 -0.0000000013 -0.0000000538 -0.0000000012 -0.0000000000 -0.0000000003 -0.0000000000 -0.0000000335 -0.0000004622 -0.0000000105 -0.0000000000 -0.0000000025 -0.0000000000 -0.0000002879 -0.0000021375 -0.0000000488 -0.0000000000 -0.0000000114 -0.0000000000 -0.0000013311 -0.0000003562 -0.0000000081 -0.0000000000 -0.0000000019 -0.0000000000 -0.0000002218 -0.0000000011 -0.0000000000 -0.0000000000 -0.0000000000 -0.0000000000 -0.0000000007 -0.0000000279 -0.0000000006 -0.0000000000 -0.0000000001 -0.0000000000 -0.0000000174 -0.0000002392 -0.0000000055 -0.0000000000 -0.0000000013 -0.0000000000 -0.0000001490 -0.0000007416 -0.0000000169 -0.0000000000 -0.0000000039 -0.0000000000 -0.0000004618 -0.0000001236 -0.0000000028 -0.0000000000 -0.0000000007 -0.0000000000 -0.0000000770 -0.0000000004 -0.0000000000 -0.0000000000 -0.0000000000 -0.0000000000 -0.0000000002 -0.0000000097 -0.0000000002 -0.0000000000 -0.0000000001 -0.0000000000 -0.0000000060 -0.0000000830 -0.0000000019 -0.0000000000 -0.0000000004 -0.0000000000 -0.0000000517 -0.0000001725 -0.0000000039 -0.0000000000 -0.0000000009 -0.0000000000 -0.0000001074 -0.0000000287 -0.0000000007 -0.0000000000 -0.0000000002 -0.0000000000 -0.0000000179 -0.0000000001 -0.0000000000 -0.0000000000 -0.0000000000 -0.0000000000 -0.0000000001 -0.0000000022 -0.0000000001 -0.0000000000 -0.0000000000 -0.0000000000 -0.0000000014 -0.0000000193 -0.0000000004 -0.0000000000 -0.0000000001 -0.0000000000 -0.0000000120
 -0.0000000009 -0.0000000000 -0.0000000000 -0.0000000000 -0.0000000000 -0.0000000005 -0.0000000001 -0.0000000000 -0.0000000000 -0.0000000000 -0.0000000000 -0.0000000001 -0.0000000000 -0.0000000000 -0.0000000000 -0.0000000000 10.0000000000 -0.0000000000 -0.0000000000 -0.0000000000 -0.0000000000 -0.0000000000 -0.0000000000 -0.0000000000 -0.0000000001 -0.0000000000 -0.0000000000 -0.0000000000 -0.0000000000 -0.0000000001 -0.0000000007 -0.0000000000 -0.0000000000 -0.0000000000 -0.0000000000 -0.0000000004 -0.0000000001 -0.0000000000 -0.0000000000 -0.0000000000 -0.0000000000 -0.0000000001 -0.0000000000 -0.0000000000 -0.0000000000 -0.0000000000 -0.0000000000 -0.0000000000 -0.0000000000 -0.0000000000 -0.0000000000 -0.0000000000 -0.0000000000 -0.0000000000 -0.0000000001 -0.0000000000 -0.0000000000 -0.0000000000 -0.0000000000 -0.0000000000 -0.0000000004 -0.0000000000 -0.0000000000 -0.0000000000 -0.0000000000 -0.0000000002 -0.0000000001 -0.0000000000 -0.0000000000 -0.0000000000 -0.0000000000 -0.0000000000 -0.0000000000 -0.0000000000 -0.0000000000 -0.0000000000 -0.0000000000 -0.0000000000 -0.0000000000 -0.0000000000 -0.0000000000 -0.0000000000 -0.0000000000 -0.0000000000 -0.0000000000 -0.0000000000 -0.0000000000 -0.0000000000 -0.0000000000 -0.0000000000 -0.0000000001 -0.0000000000 -0.0000000000 -0.0000000000 -0.0000000000 -0.0000000001 -0.0000000000 -0.0000000000 -0.0000000000 -0.0000000000 -0.0000000000 -0.0000000000 -0.0000000000 -0.0000000000 -0.0000000000 -0.0000000000 -0.0000000000 -0.0000000000 -0.0000000000 -0.0000000000 -0.0000000000 -0.0000000000 -0.0000000000 -0.0000000000 -0.0000000000 -0.0000000000 -0.0000000000 -0.0000000000 -0.0000000000 -0.0000000000 -0.0000000000 -0.0000000000 -0.0000000000 -0.0000000000 -0.0000000000 -0.0000000000 -0.0000000000 -0.0000000000 -0.0000000000 -0.0000000000 -0.0000000000 -0.0000000000 -0.0000000000 -0.0000000000 -0.0000000000 -0.0000000000 -0.0000000000 -0.0000000000 -0.0000000000 -0.0000000000 -0.0000000000 -0.0000000000 -0.0000000000 -0.0000000000 -0.0000000000 -0.0000000000 -0.0000000000 -0.0000000000 -0.0000000000 -0.0000000000
 -0.0006254762 -0.0000142750 -0.0000000060 -0.0000033307 -0.0000000005 -0.0003895273 -0.0001042210 -0.0000023786 -0.0000000010 -0.0000005550 -0.0000000001 -0.0000649056 -0.0000003181 -0.0000000073 -0.0000000000 -0.0000000017 -0.0000000000 9.9999998019 -0.0000081545 -0.0000001861 -0.0000000001 -0.0000000434 -0.0000000000 -0.0000050784 -0.0000700075 -0.0000015978 -0.0000000007 -0.0000003728 -0.0000000001 -0.0000435985 -0.0004829604 -0.0000110225 -0.0000000046 -0.0000025718 -0.0000000004 -0.0003007728 -0.0000804740 -0.0000018366 -0.0000000008 -0.0000004285 -0.0000000001 -0.0000501168 -0.0000002456 -0.0000000056 -0.0000000000 -0.0000000013 -0.0000000000 -0.0000001529 -0.0000062965 -0.0000001437 -0.0000000001 -0.0000000335 -0.0000000000 -0.0000039213 -0.0000540562 -0.0000012337 -0.0000000005 -0.0000002879 -0.0000000000 -0.0000336645 -0.0002499738 -0.0000057051 -0.0000000024 -0.0000013311 -0.0000000002 -0.0001556760 -0.0000416523 -0.0000009506 -0.0000000004 -0.0000002218 -0.0000000000 -0.0000259398 -0.0000001271 -0.0000000029 -0.0000000000 -0.0000000007 -0.0000000000 -0.0000000792 -0.0000032590 -0.0000000744 -0.0000000000 -0.0000000174 -0.0000000000 -0.0000020296 -0.0000279788 -0.0000006386 -0.0000000003 -0.0000001490 -0.0000000000 -0.0000174243 -0.0000867280 -0.0000019794 -0.0000000008 -0.0000004618 -0.0000000001 -0.0000540116 -0.0000144512 -0.0000003298 -0.0000000001 -0.0000000770 -0.0000000000 -0.0000089998 -0.0000000441 -0.0000000010 -0.0000000000 -0.0000000002 -0.0000000000 -0.0000000275 -0.0000011307 -0.0000000258 -0.0000000000 -0.0000000060 -0.0000000000 -0.0000007042 -0.0000097072 -0.0000002215 -0.0000000001 -0.0000000517 -0.0000000000 -0.0000060453 -0.0000201700 -0.0000004603 -0.0000000002 -0.0000001074 -0.0000000000 -0.0000125613 -0.0000033609 -0.0000000767 -0.0000000000 -0.0000000179 -0.0000000000 -0.0000020930 -0.0000000103 -0.0000000002 -0.0000000000 -0.0000000001 -0.0000000000 -0.0000000064 -0.0000002630 -0.0000000060 -0.0000000000 -0.0000000014 -0.0000000000 -0.0000001638 -0.0000022576 -0.0000000515 -0.0000000000 -0.0000000120 -0.0000000000 -0.0000014059
 -0.0257489336 -0.0005876600 -0.0000002456 -0.0001371164 -0.0000000226 -0.0160356430 -0.0042904568 -0.0000979198 -0.0000000409 -0.0000228472 -0.0000000038 -0.0026719644 -0.0000130939 -0.0000002988 -0.0000000001 -0.0000000697 -0.0000000000 -0.0000081545 9.9996643045 -0.0000076615 -0.0000000032 -0.0000017876 -0.0000000003 -0.0002090608 -0.0028819953 -0.0000657749 -0.0000000275 -0.0000153470 -0.0000000025 -0.0017948179 -0.0198819954 -0.0004537606 -0.0000001897 -0.0001058742 -0.0000000174 -0.0123818946 -0.0033128690 -0.0000756086 -0.0000000316 -0.0000176415 -0.0000000029 -0.0020631528 -0.0000101105 -0.0000002307 -0.0000000001 -0.0000000538 -0.0000000000 -0.0000062965 -0.0002592067 -0.0000059158 -0.0000000025 -0.0000013803 -0.0000000002 -0.0001614260 -0.0022253278 -0.0000507880 -0.0000000212 -0.0000118502 -0.0000000020 -0.0013858656 -0.0102906522 -0.0002348604 -0.0000000982 -0.0000547991 -0.0000000090 -0.0064087013 -0.0017146962 -0.0000391340 -0.0000000164 -0.0000091310 -0.0000000015 -0.0010678600 -0.0000052330 -0.0000001194 -0.0000000000 -0.0000000279 -0.0000000000 -0.0000032590 -0.0001341619 -0.0000030619 -0.0000000013 -0.0000007144 -0.0000000001 -0.0000835519 -0.0011517996 -0.0000262872 -0.0000000110 -0.0000061335 -0.0000000010 -0.0007173053 -0.0035703273 -0.0000814845 -0.0000000341 -0.0000190125 -0.0000000031 -0.0022234899 -0.0005949114 -0.0000135775 -0.0000000057 -0.0000031680 -0.0000000005 -0.0003704925 -0.0000018156 -0.0000000414 -0.0000000000 -0.0000000097 -0.0000000000 -0.0000011307 -0.0000465473 -0.0000010623 -0.0000000004 -0.0000002479 -0.0000000000 -0.0000289882 -0.0003996153 -0.0000091203 -0.0000000038 -0.0000021280 -0.0000000004 -0.0002488681 -0.0008303389 -0.0000189506 -0.0000000079 -0.0000044217 -0.0000000007 -0.0005171095 -0.0001383565 -0.0000031577 -0.0000000013 -0.0000007368 -0.0000000001 -0.0000861642 -0.0000004222 -0.0000000096 -0.0000000000 -0.0000000022 -0.0000000000 -0.0000002630 -0.0000108253 -0.0000002471 -0.0000000001 -0.0000000576 -0.0000000000 -0.0000067417 -0.0000929372 -0.0000021211 -0.0000000009 -0.0000004949 -0.0000000001 -0.0000578784
