
 5.2135157593 -0.1925491303 0.0022141372 -0.0027010453 0.0025801530 -0.8241385743 -0.4186750557 -0.0015455610 0.0004623787 0.0015190737 -0.0028469829 -0.0465921266 0.0003689259 -0.0000598474 -0.0000027577 0.0000046403 -0.0000577942 0.0005458124 -0.0384955435 -0.0006468036 0.0000328847 0.0000867545 -0.0001928921 -0.0048796602 -0.4735745129 -0.0164168036 0.0002630431 0.0000256733 -0.0002877940 -0.0755127154 -3.5938859288 -0.1559077738 0.0025644363 0.0070321467 0.0019061087 -0.2315628209 -0.1704006710 0.0146641909 0.0005909758 0.0037228674 -0.0035636268 0.0955601279 0.0021899436 -0.0002353609 -0.0000076225 0.0000035396 -0.0000696463 0.0015834530 -0.0193611312 0.0003571723 0.0000393794 0.0002465544 -0.0002438166 0.0058139877 -0.3286083506 -0.0106013378 0.0003125945 0.0012270358 -0.0004701194 -0.0003178737 -1.2427820489 -0.0685619829 0.0020068931 0.0135487232 0.0007254528 0.4894115341 0.1119883859 0.0247729764 0.0005136565 0.0044484943 -0.0029659868 0.1999104824 0.0027784176 -0.0004840873 -0.0000121139 -0.0000087745 -0.0000562206 0.0018101232 0.0045057470 0.0010939684 0.0000310367 0.0003026717 -0.0002044726 0.0142163637 -0.0813761326 -0.0016134083 0.0002512608 0.0019029689 -0.0004627615 0.0783459810 0.2353530009 -0.0077780430 0.0010615531 0.0116286358 0.0000233195 0.6888752690 0.1575836350 0.0186061472 0.0003010622 0.0029445866 -0.0016443259 0.1591266677 0.0012139452 -0.0005932346 -0.0000120421 -0.0000233801 -0.0000304073 0.0007983531 0.0106595075 0.0008335390 0.0000155479 0.0001994007 -0.0001140418 0.0118441171 0.0499174767 0.0023879027 0.0001360023 0.0014827671 -0.0002880096 0.0872654089 0.4018655534 0.0051391511 0.0003767907 0.0056098171 -0.0001040116 0.4145906294 0.0265785630 0.0052436207 0.0001155282 0.0008151162 -0.0006080976 0.0419839056 -0.0008773393 -0.0004757146 -0.0000077554 -0.0000275340 -0.0000110230 -0.0004506714 0.0022565402 0.0001109812 0.0000044040 0.0000518539 -0.0000423796 0.0034400652 0.0397587477 0.0012064111 0.0000485778 0.0006091518 -0.0001158637 0.0429596437
 -0.1925491303 9.9142397821 -0.0006256224 -0.0054536602 -0.0008531341 -0.0245630205 -0.0467756738 -0.0544550820 -0.0004749911 -0.0029623965 -0.0005351438 -0.0113085100 0.0009646697 0.0004045532 0.0000120736 0.0000257304 -0.0000080741 0.0008152218 -0.0029605028 -0.0033514710 -0.0000248214 -0.0001829168 -0.0000386236 -0.0003979022 -0.0229253665 -0.0162881483 -0.0001291322 -0.0009474525 -0.0001651700 -0.0032038765 -0.1708325454 -0.1120321605 -0.0008760617 -0.0067055573 -0.0009684964 -0.0009218613 -0.0617607775 -0.0773211403 -0.0006764289 -0.0041682282 -0.0006350200 -0.0155656289 0.0018876237 0.0012065957 0.0000274593 0.0000712214 -0.0000096336 0.0015435782 -0.0034003906 -0.0044354227 -0.0000304627 -0.0002382974 -0.0000457362 -0.0002629337 -0.0233282044 -0.0221035915 -0.0001791840 -0.0012418152 -0.0001923425 -0.0016912942 -0.0568111138 -0.0997699120 -0.0008291714 -0.0055076569 -0.0007418500 0.0446904443 -0.0485689978 -0.0737823735 -0.0006451350 -0.0039194394 -0.0005060188 -0.0099936867 0.0027057907 0.0019923266 0.0000397357 0.0001149439 -0.0000076890 0.0021058671 -0.0019021909 -0.0038171056 -0.0000226338 -0.0001993242 -0.0000363687 0.0004646847 -0.0114520164 -0.0202122643 -0.0001657977 -0.0010853709 -0.0001507701 0.0031514009 0.0317926179 -0.0604884521 -0.0005299109 -0.0030273484 -0.0003832342 0.0616628117 -0.0223029481 -0.0472563523 -0.0004111954 -0.0024655399 -0.0002707126 -0.0016356982 0.0026153270 0.0020221295 0.0000373581 0.0001156014 -0.0000040986 0.0019515767 -0.0000822575 -0.0020835081 -0.0000087376 -0.0001037721 -0.0000194122 0.0009605054 0.0001402321 -0.0124081210 -0.0001017484 -0.0006316195 -0.0000795125 0.0057824701 0.0415752524 -0.0249715848 -0.0002285533 -0.0011184715 -0.0001334538 0.0410744012 -0.0062253655 -0.0203237953 -0.0001746812 -0.0010433227 -0.0000972146 0.0011958510 0.0016509890 0.0013107315 0.0000230748 0.0000745417 -0.0000014551 0.0011954956 0.0004946734 -0.0006847428 -0.0000003095 -0.0000313548 -0.0000069517 0.0007365027 0.0031546918 -0.0051002007 -0.0000410931 -0.0002449688 -0.0000281989 0.0041544020
 0.0022141372 -0.0006256224 9.9929299654 -0.0895577957 -0.0029227076 -0.0007559976 0.0001997810 -0.0004071694 -0.0009004512 -0.0113622394 0.0007511958 -0.0006309448 0.0000138533 0.0000064923 -0.0000019405 -0.0000255972 0.0000198317 0.0000244545 0.0000241282 -0.0000233618 -0.0000749980 -0.0009478364 0.0000468892 -0.0000284134 0.0002354702 -0.0001192403 -0.0007456650 -0.0094383091 -0.0001101909 -0.0000874598 0.0041259932 -0.0008001794 -0.0078274814 -0.0991303804 -0.0031237265 -0.0092858147 0.0004395142 -0.0005756046 -0.0009978318 -0.0125800868 0.0009488484 -0.0011997274 0.0000263305 0.0000157650 -0.0000019961 -0.0000278055 0.0000238882 0.0000362508 0.0000493338 -0.0000296978 -0.0000830160 -0.0010491057 0.0000602414 -0.0000812371 0.0004427493 -0.0001593242 -0.0008256556 -0.0104475332 -0.0000920284 -0.0009022526 0.0052716695 -0.0006985725 -0.0058093785 -0.0735486869 -0.0022248218 -0.0110112565 0.0005769624 -0.0005542747 -0.0007414219 -0.0093377394 0.0007987567 -0.0010335268 0.0000337171 0.0000235512 -0.0000012758 -0.0000199299 0.0000192819 0.0000389114 0.0000640557 -0.0000244594 -0.0000615670 -0.0007782926 0.0000514355 -0.0000750866 0.0005637738 -0.0001445599 -0.0006128590 -0.0077518748 -0.0000438654 -0.0010426665 0.0043905183 -0.0004245776 -0.0028903810 -0.0365768416 -0.0010549728 -0.0064483101 0.0003987189 -0.0003712515 -0.0003694230 -0.0046476449 0.0004484948 -0.0004792505 0.0000275602 0.0000223919 -0.0000004502 -0.0000093015 0.0000104296 0.0000291801 0.0000480927 -0.0000131470 -0.0000305771 -0.0003870046 0.0000292278 -0.0000336169 0.0004541412 -0.0000909382 -0.0003049497 -0.0038555540 -0.0000085035 -0.0005925434 0.0023235838 -0.0001902451 -0.0009640944 -0.0121932877 -0.0003326398 -0.0020739864 0.0000573108 -0.0001822988 -0.0001234581 -0.0015524377 0.0001680785 -0.0001392109 0.0000130862 0.0000137078 -0.0000000401 -0.0000027583 0.0000037805 0.0000145222 0.0000153058 -0.0000051287 -0.0000101612 -0.0001290401 0.0000110656 -0.0000077031 0.0002138435 -0.0000421957 -0.0001017200 -0.0012856909 0.0000020206 -0.0001858258
 -0.0027010453 -0.0054536602 -0.0895577957 8.8648856793 -0.0426285663 -0.0142687808 0.0040799271 -0.0013813897 -0.0113753011 -0.1439055255 0.0045657656 -0.0103559533 0.0001964758 0.0000767362 -0.0000251286 -0.0003263554 0.0001714037 0.0002333272 0.0003258380 -0.0000624762 -0.0009484004 -0.0120079070 0.0002405767 -0.0005516686 0.0007069857 -0.0006622947 -0.0094404352 -0.1196096283 -0.0027339989 -0.0018922909 0.0299758478 -0.0054835092 -0.0991379043 -1.2563091937 -0.0462971940 -0.1194983214 0.0109939453 -0.0017065573 -0.0125936206 -0.1592539158 0.0060842033 -0.0164310388 0.0003316773 0.0001563031 -0.0000266443 -0.0003567591 0.0002069123 0.0003442171 0.0008929262 -0.0000447043 -0.0010493858 -0.0132869179 0.0003393578 -0.0011627112 0.0047014545 -0.0006925724 -0.0104501518 -0.1323758568 -0.0027708318 -0.0117955236 0.0606721687 -0.0036312532 -0.0735638048 -0.9319815358 -0.0335941046 -0.1368358763 0.0139596765 -0.0015738881 -0.0093461780 -0.1181403403 0.0053478728 -0.0129861866 0.0003616208 0.0002085833 -0.0000182239 -0.0002592000 0.0001673492 0.0003553294 0.0011677910 -0.0000069283 -0.0007780238 -0.0098541883 0.0003109721 -0.0010020497 0.0077768691 -0.0004974228 -0.0077540779 -0.0981996222 -0.0018460437 -0.0129822968 0.0582044962 -0.0017296190 -0.0365916597 -0.4634168527 -0.0162808953 -0.0777709081 0.0086606963 -0.0012350905 -0.0046497711 -0.0587671140 0.0031113187 -0.0059846607 0.0002294095 0.0001820417 -0.0000077028 -0.0001245513 0.0000906875 0.0002414511 0.0007787148 0.0000062211 -0.0003864051 -0.0048992744 0.0001867505 -0.0004703860 0.0065717063 -0.0002904586 -0.0038566754 -0.0488308379 -0.0008030475 -0.0071860168 0.0313421983 -0.0008320045 -0.0122014130 -0.1544646065 -0.0052676351 -0.0243855100 0.0004864360 -0.0009228319 -0.0015510590 -0.0196262730 0.0012010580 -0.0024957198 0.0000482178 0.0001025566 -0.0000017697 -0.0000394502 0.0000329285 0.0000933126 0.0001286134 -0.0000099663 -0.0001285034 -0.0016343787 0.0000739090 -0.0001798104 0.0028041933 -0.0001902662 -0.0012858355 -0.0162817681 -0.0002255453 -0.0023406055
 0.0025801530 -0.0008531341 -0.0029227076 -0.0426285663 9.7413536929 0.0178056406 0.0442055655 0.0033399029 -0.0003440502 -0.0090786753 -0.2263065291 -0.1765839038 0.0014879112 0.0007259327 0.0000100050 -0.0000434452 -0.0036439814 -0.0026370779 0.0033735155 0.0005453841 -0.0000241522 -0.0006885267 -0.0161607342 -0.0119131659 0.0082703246 0.0007381238 -0.0002998599 -0.0051274965 -0.0613764999 -0.0288839852 0.0257465540 0.0003338530 -0.0032281616 -0.0475186368 -0.3099553173 -0.0549284544 0.0605005721 0.0052069605 -0.0003645173 -0.0103574885 -0.2712954118 -0.2134577550 0.0024350867 0.0013893337 0.0000201222 -0.0000217914 -0.0043685943 -0.0027247048 0.0048676208 0.0009774669 -0.0000214223 -0.0007692415 -0.0193732232 -0.0143961760 0.0132889650 0.0013754037 -0.0003255418 -0.0057473030 -0.0735688689 -0.0413532336 0.0461304122 0.0014480966 -0.0023884078 -0.0354809925 -0.2489897719 -0.0796414302 0.0592203516 0.0055270485 -0.0002512395 -0.0078891515 -0.2180073189 -0.1680132300 0.0028299097 0.0017921963 0.0000267336 0.0000214665 -0.0035106569 -0.0015956267 0.0050334897 0.0011915360 -0.0000090971 -0.0005658764 -0.0155677550 -0.0111761650 0.0148949084 0.0016571709 -0.0002337712 -0.0043053135 -0.0591114355 -0.0355129293 0.0431034486 0.0013473347 -0.0011836405 -0.0177453038 -0.1340769104 -0.0501548224 0.0401246286 0.0038770981 -0.0001097017 -0.0040099898 -0.1174310705 -0.0856177990 0.0022758820 0.0015535731 0.0000236225 0.0000451768 -0.0018911039 -0.0003373052 0.0036114685 0.0009776059 0.0000013223 -0.0002705676 -0.0083855856 -0.0055003913 0.0111987049 0.0012890384 -0.0001098756 -0.0021527387 -0.0318371795 -0.0187720993 0.0237055216 0.0004899262 -0.0003931009 -0.0059530774 -0.0483968218 -0.0165610582 0.0177582861 0.0016711527 -0.0000285466 -0.0013677221 -0.0424012193 -0.0278851442 0.0012366823 0.0009024442 0.0000139313 0.0000356441 -0.0006828440 0.0001791071 0.0017176915 0.0005317364 0.0000038109 -0.0000824120 -0.0030277780 -0.0016580439 0.0054200600 0.0006256474 -0.0000331207 -0.0007191861 -0.0114943239 -0.0060424983
 -0.8241385743 -0.0245630205 -0.0007559976 -0.0142687808 0.0178056406 5.5913034424 -0.0069224770 0.0036018164 -0.0000438146 -0.0006353900 0.0231727652 -0.2988573423 0.0006852840 0.0001439977 0.0000013530 0.0000152393 0.0003908845 0.0003883860 -0.0024520612 0.0002186295 -0.0000040864 -0.0000709989 0.0016392848 -0.0302200671 -0.0712156099 -0.0014101835 -0.0000702922 -0.0013034655 0.0055641732 -0.4276209419 -0.1116295489 -0.0070119443 -0.0008065716 -0.0113802355 0.0232548854 -3.4619448851 0.1161317090 0.0080325140 -0.0000271515 0.0000609386 0.0280233595 -0.1735382324 0.0014897453 0.0002256349 0.0000023372 0.0000239632 0.0004691840 0.0011130847 0.0072888824 0.0005735019 -0.0000027399 -0.0000169991 0.0019855018 -0.0196989685 0.0108605847 0.0008685037 -0.0000713585 -0.0009337119 0.0068718563 -0.3250771654 0.5794861245 0.0096390796 -0.0005742107 -0.0048923946 0.0199733410 -1.6095017211 0.1668886473 0.0070842845 -0.0000028037 0.0004687097 0.0226833903 -0.0223899817 0.0011885472 0.0001947435 0.0000026546 0.0000199902 0.0003774283 0.0011648662 0.0120937000 0.0005459538 -0.0000004705 0.0000235085 0.0016092106 -0.0053959911 0.0785060512 0.0021161279 -0.0000476549 -0.0003160496 0.0056578519 -0.1409380752 0.6629158177 0.0097201928 -0.0002767976 -0.0006087951 0.0113396066 -0.3376949589 0.0772072190 -0.0002623816 0.0000037082 0.0000257746 0.0122927607 0.0209161524 -0.0004165916 0.0000437106 0.0000019528 0.0000031805 0.0002034854 0.0002969503 0.0061485217 0.0000281351 0.0000004037 0.0000005346 0.0008729973 0.0003649110 0.0699860117 0.0008252072 -0.0000218816 -0.0000371252 0.0031089456 -0.0250665184 0.3278944200 0.0000380999 -0.0000965986 0.0000756335 0.0042701981 0.0310220192 -0.0496508715 -0.0071724549 -0.0000041777 -0.0006703623 0.0044609177 -0.0155241422 -0.0018788830 -0.0000982907 0.0000008769 -0.0000120124 0.0000735258 -0.0006363950 -0.0030994512 -0.0004846270 -0.0000000979 -0.0000467270 0.0003170792 -0.0012205955 0.0193599193 -0.0012230363 -0.0000084976 -0.0001062365 0.0011410877 -0.0000152781
 -0.4186750557 -0.0467756738 0.0001997810 0.0040799271 0.0442055655 -0.0069224770 8.8328207173 -0.0678535417 -0.0002774769 -0.0065858478 0.0376192041 -0.6129632893 -0.0174941676 -0.0007829905 -0.0000004703 -0.0000973835 0.0006032862 -0.0093183588 -0.0797796238 -0.0046127721 -0.0000165838 -0.0004323335 0.0026885896 -0.0413458127 -0.2379363962 -0.0156591764 -0.0000305035 -0.0008018967 0.0103031925 -0.1068717224 -0.3342266097 -0.0597327599 0.0000969705 0.0047519093 0.0527029208 0.0270103078 -1.1942559411 -0.0840884907 -0.0004242015 -0.0072493759 0.0450631060 -0.6265494953 -0.0176139407 -0.0007535517 0.0000019437 -0.0000931331 0.0007231818 -0.0092912938 -0.0812258399 -0.0056256610 -0.0000246856 -0.0004689511 0.0032201523 -0.0420515518 -0.2352311681 -0.0194757879 -0.0000631761 -0.0008548993 0.0123212000 -0.1062214274 -0.1093937639 -0.0511663188 -0.0000485708 0.0038422155 0.0421536503 0.0758681415 -0.8170129414 -0.0708044096 -0.0004285540 -0.0054404660 0.0361883931 -0.4312454083 -0.0114959621 -0.0003374596 0.0000053894 -0.0000498009 0.0005811191 -0.0060289003 -0.0549351700 -0.0046035550 -0.0000237375 -0.0003418721 0.0025856788 -0.0285911197 -0.1504323643 -0.0163658006 -0.0000749259 -0.0006101790 0.0098805602 -0.0680384600 0.1038070077 -0.0262366017 -0.0000990125 0.0025837398 0.0226165185 0.1164756151 -0.3219706931 -0.0375694427 -0.0002836071 -0.0024246623 0.0194826192 -0.1739599654 -0.0038322367 0.0001226779 0.0000066866 -0.0000011545 0.0003130255 -0.0020233318 -0.0208386186 -0.0022991069 -0.0000144264 -0.0001398822 0.0013919098 -0.0110664162 -0.0463879338 -0.0084989900 -0.0000541231 -0.0001900800 0.0053129249 -0.0199181997 0.1890117555 -0.0044189628 -0.0000601713 0.0017508105 0.0081388957 0.1204636269 -0.0042418508 -0.0093232003 -0.0001197583 -0.0001914423 0.0070315943 -0.0066101630 0.0007547841 0.0002951058 0.0000048862 0.0000215214 0.0001130318 0.0003604029 0.0007265085 -0.0004396572 -0.0000051707 0.0000037660 0.0005023238 0.0001561710 0.0157913015 -0.0018375765 -0.0000236929 0.0001240158 0.0019155498 0.0093509632
 -0.0015455610 -0.0544550820 -0.0004071694 -0.0013813897 0.0033399029 0.0036018164 -0.0678535417 9.9380380890 -0.0006237135 -0.0031642637 0.0029043785 -0.0322545790 -0.0134178277 -0.0112754254 -0.0001701613 -0.0006308506 0.0000463225 -0.0088224098 -0.0105506716 -0.0092820657 -0.0001199407 -0.0004965280 0.0002072491 -0.0061708832 -0.0160140791 -0.0188408453 -0.0001968110 -0.0008628278 0.0007892624 -0.0080686422 -0.0113112843 -0.0792598236 -0.0006287485 -0.0025076645 0.0040017621 0.0039312383 -0.1034908945 -0.0968547943 -0.0010105597 -0.0050362151 0.0034809350 -0.0505384888 -0.0255630632 -0.0216022962 -0.0003285924 -0.0012095492 0.0000552180 -0.0169376242 -0.0185434451 -0.0163855169 -0.0002193977 -0.0008888749 0.0002482446 -0.0111548162 -0.0269259838 -0.0302849407 -0.0003339076 -0.0014678722 0.0009457447 -0.0138448127 -0.0046686215 -0.0771962176 -0.0006435267 -0.0027543268 0.0032137831 0.0096152474 -0.0982941259 -0.1027264843 -0.0011167659 -0.0053750203 0.0027962661 -0.0491616257 -0.0326809644 -0.0278545182 -0.0004264235 -0.0015597672 0.0000439633 -0.0218004707 -0.0215970173 -0.0197105795 -0.0002724035 -0.0010767218 0.0001992272 -0.0133700004 -0.0278932366 -0.0331931808 -0.0003858057 -0.0016629489 0.0007595215 -0.0147686660 0.0166055259 -0.0499265442 -0.0004380818 -0.0018600226 0.0017299713 0.0180121970 -0.0519038325 -0.0737262527 -0.0008421275 -0.0038233811 0.0015055192 -0.0266986320 -0.0279846616 -0.0241469329 -0.0003716603 -0.0013514801 0.0000233238 -0.0187912600 -0.0164635872 -0.0161067201 -0.0002290940 -0.0008806473 0.0001070989 -0.0105380868 -0.0167147756 -0.0247500021 -0.0003036885 -0.0012553897 0.0004087852 -0.0092691868 0.0305141969 -0.0209790775 -0.0001984263 -0.0007278604 0.0006242146 0.0207876038 -0.0055564216 -0.0355050775 -0.0004329876 -0.0017749136 0.0005432537 -0.0033078154 -0.0159832283 -0.0140594606 -0.0002174519 -0.0007859001 0.0000082123 -0.0108150833 -0.0078751015 -0.0089034213 -0.0001302404 -0.0004837819 0.0000385487 -0.0053004318 -0.0037075708 -0.0124735910 -0.0001626953 -0.0006243485 0.0001474362 -0.0024202478
 0.0004623787 -0.0004749911 -0.0009004512 -0.0113753011 -0.0003440502 -0.0000438146 -0.0002774769 -0.0006237135 9.9998792324 -0.0014703929 0.0001185922 -0.0002269735 -0.0002141440 -0.0001861868 -0.0000031257 -0.0000137073 0.0000028838 -0.0001416522 -0.0001179569 -0.0001277468 -0.0000112898 -0.0001270181 0.0000076088 -0.0000814845 -0.0000789287 -0.0002078342 -0.0000969634 -0.0012069313 -0.0000076549 -0.0000804433 0.0005935232 -0.0006894174 -0.0009983166 -0.0125991449 -0.0003642716 -0.0011505584 -0.0005999664 -0.0010148254 -0.0001377213 -0.0016448755 0.0001482859 -0.0005005568 -0.0004171386 -0.0003600833 -0.0000058477 -0.0000238011 0.0000034661 -0.0002780197 -0.0002339284 -0.0002347897 -0.0000138818 -0.0001457723 0.0000096294 -0.0001661306 -0.0001902878 -0.0003502252 -0.0001089470 -0.0013424233 -0.0000041001 -0.0002661266 0.0006981383 -0.0006683890 -0.0007423211 -0.0093549910 -0.0002565473 -0.0013600396 -0.0006684328 -0.0011234124 -0.0001070226 -0.0012398754 0.0001237497 -0.0005508735 -0.0005421920 -0.0004677462 -0.0000074563 -0.0000288943 0.0000027892 -0.0003634011 -0.0002972241 -0.0002925082 -0.0000120799 -0.0001146999 0.0000081178 -0.0002103821 -0.0002350327 -0.0004028189 -0.0000828314 -0.0010036544 0.0000005155 -0.0003238521 0.0007096965 -0.0004297256 -0.0003702643 -0.0046561105 -0.0001200060 -0.0007128068 -0.0003801537 -0.0008448347 -0.0000571650 -0.0006312160 0.0000689630 -0.0003304089 -0.0004709951 -0.0004078965 -0.0000064380 -0.0000241815 0.0000015017 -0.0003171711 -0.0002455522 -0.0002464469 -0.0000075474 -0.0000626046 0.0000045622 -0.0001731068 -0.0001617178 -0.0003155565 -0.0000428656 -0.0005051992 0.0000021918 -0.0002195933 0.0005706014 -0.0001793469 -0.0001239161 -0.0015526765 -0.0000372097 -0.0001055804 -0.0000331177 -0.0004292536 -0.0000212309 -0.0002174805 0.0000256747 -0.0000732588 -0.0002732071 -0.0002386768 -0.0000037491 -0.0000138036 0.0000005405 -0.0001848430 -0.0001305306 -0.0001400397 -0.0000034112 -0.0000240298 0.0000017102 -0.0000927497 -0.0000487640 -0.0001675579 -0.0000152346 -0.0001715711 0.0000014349 -0.0000823480
 0.0015190737 -0.0029623965 -0.0113622394 -0.1439055255 -0.0090786753 -0.0006353900 -0.0065858478 -0.0031642637 -0.0014703929 9.9815318944 -0.0026849269 -0.0081150227 -0.0007197757 -0.0005632187 -0.0000118299 -0.0000748082 -0.0000309580 -0.0005094246 -0.0007389299 -0.0004684805 -0.0001260871 -0.0015518469 -0.0002024785 -0.0007356174 -0.0012024312 -0.0009726020 -0.0012052156 -0.0152128813 -0.0012271452 -0.0014695144 0.0050820668 -0.0040904022 -0.0125858472 -0.1593244045 -0.0102815701 -0.0152143889 -0.0074024202 -0.0048623723 -0.0016433746 -0.0205152830 -0.0031424154 -0.0104812872 -0.0013188647 -0.0010780681 -0.0000200898 -0.0001083010 -0.0000369524 -0.0009188341 -0.0010656071 -0.0008198243 -0.0001438770 -0.0017344100 -0.0002363720 -0.0011153743 -0.0012374948 -0.0015268727 -0.0013398212 -0.0168629734 -0.0014076835 -0.0032418133 0.0085861062 -0.0038254578 -0.0093472742 -0.1182413719 -0.0078095024 -0.0180011727 -0.0054449648 -0.0051155976 -0.0012374945 -0.0153008558 -0.0024678552 -0.0085620954 -0.0016550250 -0.0013898399 -0.0000240167 -0.0001134141 -0.0000295827 -0.0011399342 -0.0010981379 -0.0009828086 -0.0001122125 -0.0013075007 -0.0001851681 -0.0011129492 -0.0007272089 -0.0016516428 -0.0010009797 -0.0125385476 -0.0010835126 -0.0032666704 0.0088765034 -0.0024059412 -0.0046548773 -0.0588182155 -0.0039788777 -0.0098377736 -0.0021972049 -0.0036739006 -0.0006297117 -0.0076666349 -0.0013004882 -0.0042370015 -0.0014065766 -0.0012051767 -0.0000199073 -0.0000851706 -0.0000158864 -0.0009620442 -0.0007813175 -0.0008033231 -0.0000604765 -0.0006674526 -0.0000973429 -0.0007435095 -0.0000782269 -0.0012266324 -0.0005034158 -0.0062561553 -0.0005596531 -0.0018297453 0.0061332294 -0.0010044843 -0.0015545399 -0.0196075539 -0.0013599229 -0.0022336076 0.0000583847 -0.0017939418 -0.0002175416 -0.0025820531 -0.0004598607 -0.0009789456 -0.0008031747 -0.0007022285 -0.0000113054 -0.0000451776 -0.0000057242 -0.0005474496 -0.0003634100 -0.0004458501 -0.0000228508 -0.0002320862 -0.0000343420 -0.0003270102 0.0002660913 -0.0006226379 -0.0001709043 -0.0020955902 -0.0001939956 -0.0005237510
 -0.0028469829 -0.0005351438 0.0007511958 0.0045657656 -0.2263065291 0.0231727652 0.0376192041 0.0029043785 0.0001185922 -0.0026849269 9.7994928953 -0.1527818092 0.0012906380 0.0006352497 0.0000097377 -0.0000266522 -0.0032343977 -0.0023441267 0.0028687633 0.0004767479 0.0000138934 -0.0001628481 -0.0143132789 -0.0103167885 0.0066019332 0.0006600401 0.0000862989 -0.0000836602 -0.0541425448 -0.0245133210 0.0149561974 0.0004549523 0.0008375337 0.0047459738 -0.2716241726 -0.0303612352 0.0512984441 0.0045226352 0.0001454389 -0.0032496719 -0.2404211688 -0.1849719857 0.0021180352 0.0012164570 0.0000187050 -0.0000065426 -0.0038776899 -0.0024302489 0.0041341944 0.0008541187 0.0000200245 -0.0001870283 -0.0171630304 -0.0124609131 0.0106862745 0.0012111776 0.0001010800 -0.0001580639 -0.0649426896 -0.0345494350 0.0319609382 0.0013266583 0.0006273320 0.0033074455 -0.2184970810 -0.0530538970 0.0502564408 0.0048200859 0.0001246701 -0.0025950482 -0.1932355085 -0.1460178209 0.0024711450 0.0015701384 0.0000242206 0.0000280948 -0.0031162488 -0.0014335050 0.0042858544 0.0010427748 0.0000208083 -0.0001348541 -0.0137948865 -0.0096904482 0.0120417072 0.0014524847 0.0000817895 -0.0001555669 -0.0522120226 -0.0296089761 0.0314682901 0.0011972802 0.0003157480 0.0015476310 -0.1177988172 -0.0353629288 0.0344421189 0.0034274529 0.0000753744 -0.0013657213 -0.1041056192 -0.0746064334 0.0019997802 0.0013621726 0.0000210954 0.0000442622 -0.0016786883 -0.0003120863 0.0031080363 0.0008589679 0.0000154730 -0.0000575065 -0.0074321341 -0.0047779469 0.0091514204 0.0011360042 0.0000462816 -0.0000882429 -0.0281361521 -0.0157013945 0.0179363881 0.0004694998 0.0001066599 0.0004817037 -0.0425661619 -0.0119645666 0.0158192797 0.0015359486 0.0000322296 -0.0004777848 -0.0375955004 -0.0242134618 0.0010989303 0.0007922800 0.0000123410 0.0000328998 -0.0006061580 0.0001558223 0.0015214082 0.0004711537 0.0000081166 -0.0000120181 -0.0026839954 -0.0014323883 0.0045538376 0.0005640860 0.0000185236 -0.0000300814 -0.0101628912 -0.0050559470
 -0.0465921266 -0.0113085100 -0.0006309448 -0.0103559533 -0.1765839038 -0.2988573423 -0.6129632893 -0.0322545790 -0.0002269735 -0.0081150227 -0.1527818092 9.4771503218 -0.0104310511 -0.0012412862 -0.0000138923 -0.0001594847 -0.0024561039 -0.0085741577 -0.0419801064 -0.0025727303 -0.0000221295 -0.0005949467 -0.0109138122 -0.0364355319 -0.1109860781 -0.0068231258 -0.0000960188 -0.0022967042 -0.0415993883 -0.1162413281 0.0091725955 -0.0158145254 -0.0007523326 -0.0117003182 -0.2110572999 -0.3220615699 -0.6247604963 -0.0394942952 -0.0003123538 -0.0092344350 -0.1830835366 -0.5655839833 -0.0113561898 -0.0020344265 -0.0000256774 -0.0002140817 -0.0029443755 -0.0097431302 -0.0429533613 -0.0034027384 -0.0000332657 -0.0006924207 -0.0130774143 -0.0396288573 -0.1084995500 -0.0086885097 -0.0001246050 -0.0026169500 -0.0498043560 -0.1258033441 0.0814518592 -0.0138033853 -0.0006093067 -0.0087318779 -0.1691767314 -0.2147455694 -0.4207009979 -0.0326199182 -0.0002941681 -0.0070659787 -0.1470754515 -0.4120144864 -0.0085066642 -0.0023385157 -0.0000322179 -0.0002052014 -0.0023660739 -0.0076609373 -0.0290768666 -0.0031265560 -0.0000348868 -0.0005488480 -0.0105047552 -0.0290646137 -0.0668812950 -0.0074548867 -0.0001117111 -0.0019971208 -0.0399782799 -0.0901267212 0.1364256798 -0.0055800305 -0.0003332180 -0.0040118686 -0.0909365701 -0.0627096127 -0.1522356446 -0.0163502728 -0.0001874743 -0.0033998258 -0.0792025271 -0.1849761757 -0.0039198680 -0.0018378619 -0.0000273283 -0.0001371724 -0.0012745363 -0.0039474392 -0.0105542193 -0.0018793974 -0.0000253180 -0.0002816142 -0.0056566932 -0.0131707998 -0.0153351045 -0.0038433668 -0.0000688409 -0.0009572376 -0.0215150274 -0.0377359114 0.1431494225 0.0017415392 -0.0001204654 -0.0007917954 -0.0327767162 0.0292304577 0.0180187835 -0.0028522128 -0.0000787654 -0.0007528456 -0.0285917508 -0.0301355675 -0.0005141664 -0.0009609676 -0.0000156139 -0.0000608748 -0.0004602197 -0.0010635328 0.0013273159 -0.0006234095 -0.0000125493 -0.0000763115 -0.0020419558 -0.0022070977 0.0150803329 -0.0006530513 -0.0000286634 -0.0002134931 -0.0077625996 -0.0029007849
 0.0003689259 0.0009646697 0.0000138533 0.0001964758 0.0014879112 0.0006852840 -0.0174941676 -0.0134178277 -0.0002141440 -0.0007197757 0.0012906380 -0.0104310511 9.9845650885 -0.0131485283 -0.0002057126 -0.0007373940 0.0000202485 -0.0104318080 -0.0083935440 -0.0070591677 -0.0001107042 -0.0003935119 0.0000919475 -0.0055877816 -0.0081369160 -0.0065899830 -0.0001039014 -0.0003522620 0.0003509300 -0.0052223358 0.0025050950 0.0012594203 0.0000146644 0.0002384562 0.0017797486 0.0021513446 -0.0267733293 -0.0263547659 -0.0004226589 -0.0014146389 0.0015463816 -0.0171872140 -0.0300096955 -0.0256764838 -0.0004017499 -0.0014397801 0.0000238842 -0.0203143215 -0.0158769067 -0.0137961426 -0.0002165051 -0.0007693098 0.0001099799 -0.0106904081 -0.0144225912 -0.0129465552 -0.0002047089 -0.0007014285 0.0004200914 -0.0095590604 0.0055533258 0.0012202794 0.0000092887 0.0002090305 0.0014274875 0.0035853762 -0.0287915454 -0.0345843650 -0.0005571985 -0.0018548686 0.0012418276 -0.0199492341 -0.0391642781 -0.0336089751 -0.0005259136 -0.0018843701 0.0000186828 -0.0265418336 -0.0203407462 -0.0180647624 -0.0002836822 -0.0010073510 0.0000880785 -0.0138134076 -0.0175750387 -0.0169966586 -0.0002694708 -0.0009271690 0.0003370438 -0.0119919026 0.0094455220 0.0010398596 0.0000029765 0.0001553486 0.0007677114 0.0051661436 -0.0189959230 -0.0302139209 -0.0004910576 -0.0016073778 0.0006683324 -0.0147334708 -0.0342469147 -0.0294853924 -0.0004614653 -0.0016528439 0.0000096162 -0.0232364782 -0.0173980007 -0.0158406161 -0.0002490624 -0.0008824591 0.0000471926 -0.0119213698 -0.0139298735 -0.0148921527 -0.0002372457 -0.0008122462 0.0001812002 -0.0098621650 0.0116530407 0.0008628521 0.0000001689 0.0001144628 0.0002768392 0.0060441805 -0.0048786433 -0.0174770044 -0.0002893811 -0.0009083497 0.0002410156 -0.0056282019 -0.0200302475 -0.0173359900 -0.0002714122 -0.0009713998 0.0000032091 -0.0136130059 -0.0097796460 -0.0092953020 -0.0001465253 -0.0005163562 0.0000168957 -0.0067931441 -0.0065746672 -0.0086860099 -0.0001397652 -0.0004692548 0.0000652573 -0.0050142164
 -0.0000598474 0.0004045532 0.0000064923 0.0000767362 0.0007259327 0.0001439977 -0.0007829905 -0.0112754254 -0.0001861868 -0.0005632187 0.0006352497 -0.0012412862 -0.0131485283 9.9886013676 -0.0001784447 -0.0006384686 0.0000097890 -0.0089195120 -0.0063004186 -0.0060992594 -0.0000960700 -0.0003373624 0.0000451545 -0.0043164960 -0.0045519410 -0.0056882805 -0.0000906658 -0.0003025688 0.0001721311 -0.0031921449 0.0012842112 0.0006222338 0.0000066271 0.0001006099 0.0008697473 0.0011463337 -0.0084752061 -0.0224767606 -0.0003669798 -0.0011662388 0.0007611553 -0.0069673408 -0.0257824493 -0.0222656542 -0.0003484996 -0.0012477330 0.0000113974 -0.0174883790 -0.0127670893 -0.0119418422 -0.0001878440 -0.0006633838 0.0000539461 -0.0087334443 -0.0099810726 -0.0112018475 -0.0001781463 -0.0006065332 0.0002061311 -0.0069509705 0.0041236534 0.0007153826 0.0000035659 0.0001018234 0.0006985696 0.0025713277 -0.0145869450 -0.0297226953 -0.0004834496 -0.0015673316 0.0006111717 -0.0117421665 -0.0337952713 -0.0291489924 -0.0004562094 -0.0016337668 0.0000087164 -0.0229293186 -0.0169352962 -0.0156518387 -0.0002460998 -0.0008711310 0.0000431100 -0.0116036210 -0.0134661792 -0.0147235206 -0.0002341511 -0.0008035142 0.0001653854 -0.0094639880 0.0073673199 0.0007012341 0.0000003348 0.0000911866 0.0003761363 0.0039460657 -0.0119389482 -0.0261005788 -0.0004259477 -0.0013781773 0.0003288046 -0.0103624937 -0.0296275932 -0.0255753304 -0.0004003064 -0.0014334293 0.0000043070 -0.0201142582 -0.0147821252 -0.0137339602 -0.0002160567 -0.0007644724 0.0000230119 -0.0101766503 -0.0113466262 -0.0129159444 -0.0002059879 -0.0007053433 0.0000888744 -0.0081703499 0.0087113652 0.0006170953 -0.0000006695 0.0000765734 0.0001357724 0.0044420746 -0.0037152336 -0.0151807400 -0.0002510384 -0.0007898154 0.0001184902 -0.0046164901 -0.0173631830 -0.0150386286 -0.0002354438 -0.0008426520 0.0000013269 -0.0118023132 -0.0084501979 -0.0080649904 -0.0001271093 -0.0004480914 0.0000081863 -0.0058758433 -0.0057248526 -0.0075492982 -0.0001213134 -0.0004092637 0.0000319711 -0.0043674299
 -0.0000027577 0.0000120736 -0.0000019405 -0.0000251286 0.0000100050 0.0000013530 -0.0000004703 -0.0001701613 -0.0000031257 -0.0000118299 0.0000097377 -0.0000138923 -0.0002057126 -0.0001784447 9.9999972049 -0.0000100027 0.0000001522 -0.0001395927 -0.0000978534 -0.0000950784 -0.0000015231 -0.0000055399 0.0000006901 -0.0000672158 -0.0000693652 -0.0000874924 -0.0000016267 -0.0000074560 0.0000025453 -0.0000490693 0.0000202759 0.0000185477 -0.0000021348 -0.0000274392 0.0000120996 0.0000145403 -0.0001166209 -0.0003423238 -0.0000059569 -0.0000214548 0.0000116820 -0.0001018531 -0.0004035266 -0.0003486219 -0.0000054586 -0.0000195446 0.0000001772 -0.0002737785 -0.0001988323 -0.0001863651 -0.0000029610 -0.0000106641 0.0000008256 -0.0001362835 -0.0001534800 -0.0001730282 -0.0000030133 -0.0000124721 0.0000030599 -0.0001078568 0.0000662182 0.0000201867 -0.0000015829 -0.0000198061 0.0000098028 0.0000362325 -0.0002139733 -0.0004556935 -0.0000077038 -0.0000267730 0.0000093908 -0.0001776015 -0.0005290809 -0.0004564529 -0.0000071458 -0.0000255899 0.0000001355 -0.0003590313 -0.0002642350 -0.0002444744 -0.0000038672 -0.0000138380 0.0000006606 -0.0001813129 -0.0002082398 -0.0002281586 -0.0000038272 -0.0000147557 0.0000024638 -0.0001474542 0.0001157128 0.0000170539 -0.0000007947 -0.0000091385 0.0000053207 0.0000584252 -0.0001793215 -0.0004021588 -0.0000067210 -0.0000226035 0.0000050575 -0.0001592151 -0.0004639386 -0.0004005307 -0.0000062703 -0.0000224519 0.0000000669 -0.0003150075 -0.0002309965 -0.0002146633 -0.0000033894 -0.0000120644 0.0000003530 -0.0001591910 -0.0001763553 -0.0002006496 -0.0000033019 -0.0000121057 0.0000013283 -0.0001277138 0.0001344768 0.0000123380 -0.0000002704 -0.0000023003 0.0000019349 0.0000669142 -0.0000569770 -0.0002348236 -0.0000039412 -0.0000126793 0.0000018243 -0.0000721537 -0.0002719531 -0.0002355361 -0.0000036880 -0.0000131989 0.0000000206 -0.0001848681 -0.0001322775 -0.0001261265 -0.0000019923 -0.0000070469 0.0000001257 -0.0000920315 -0.0000896268 -0.0001175169 -0.0000019236 -0.0000067560 0.0000004793 -0.0000686067
 0.0000046403 0.0000257304 -0.0000255972 -0.0003263554 -0.0000434452 0.0000152393 -0.0000973835 -0.0006308506 -0.0000137073 -0.0000748082 -0.0000266522 -0.0001594847 -0.0007373940 -0.0006384686 -0.0000100027 9.9999641164 -0.0000004272 -0.0005010983 -0.0003565383 -0.0003415833 -0.0000056550 -0.0000224881 -0.0000019382 -0.0002479055 -0.0002637108 -0.0003182384 -0.0000078119 -0.0000520268 -0.0000083145 -0.0001936441 0.0000964114 0.0000394129 -0.0000283576 -0.0003603854 -0.0000508360 0.0000237186 -0.0005228676 -0.0012571399 -0.0000241772 -0.0001132275 -0.0000318138 -0.0004930181 -0.0014450232 -0.0012471528 -0.0000195288 -0.0000700241 -0.0000005308 -0.0009812429 -0.0007183714 -0.0006687661 -0.0000108244 -0.0000411350 -0.0000023206 -0.0004963060 -0.0005655131 -0.0006267499 -0.0000130023 -0.0000728078 -0.0000098461 -0.0004104674 0.0002648281 0.0000445704 -0.0000211091 -0.0002658692 -0.0000399040 0.0000885656 -0.0008444010 -0.0016625308 -0.0000297593 -0.0001233452 -0.0000254718 -0.0007355906 -0.0018935412 -0.0016327067 -0.0000255598 -0.0000916131 -0.0000004511 -0.0012856000 -0.0009504235 -0.0008765444 -0.0000140089 -0.0000517465 -0.0000018682 -0.0006554205 -0.0007562999 -0.0008239326 -0.0000153572 -0.0000738230 -0.0000078252 -0.0005482450 0.0004429950 0.0000423112 -0.0000105745 -0.0001299278 -0.0000210135 0.0001876940 -0.0006760485 -0.0014601785 -0.0000251866 -0.0000948718 -0.0000136826 -0.0006182644 -0.0016597622 -0.0014325415 -0.0000224255 -0.0000803414 -0.0000002646 -0.0011272895 -0.0008284628 -0.0007691581 -0.0000122132 -0.0000442883 -0.0000010130 -0.0005727096 -0.0006343467 -0.0007228999 -0.0000126517 -0.0000538363 -0.0000041756 -0.0004670154 0.0005081381 0.0000360251 -0.0000035669 -0.0000406881 -0.0000074236 0.0002403352 -0.0002054135 -0.0008493826 -0.0000145019 -0.0000501129 -0.0000049329 -0.0002687645 -0.0009725944 -0.0008423555 -0.0000131890 -0.0000472165 -0.0000001083 -0.0006612721 -0.0004731213 -0.0004516818 -0.0000071567 -0.0000255871 -0.0000003709 -0.0003298567 -0.0003185290 -0.0004225768 -0.0000071659 -0.0000276940 -0.0000014969 -0.0002471192
 -0.0000577942 -0.0000080741 0.0000198317 0.0001714037 -0.0036439814 0.0003908845 0.0006032862 0.0000463225 0.0000028838 -0.0000309580 -0.0032343977 -0.0024561039 0.0000202485 0.0000097890 0.0000001522 -0.0000004272 9.9999478122 -0.0000381756 0.0000457588 0.0000074423 0.0000003019 -0.0000016073 -0.0002308770 -0.0001660374 0.0001046526 0.0000104501 0.0000022014 0.0000089354 -0.0008728311 -0.0003930606 0.0002231691 0.0000077799 0.0000220489 0.0001847322 -0.0043746764 -0.0004474553 0.0008219213 0.0000719274 0.0000034139 -0.0000387783 -0.0038783797 -0.0029744738 0.0000330802 0.0000187297 0.0000002903 -0.0000001242 -0.0000625678 -0.0000399154 0.0000657886 0.0000132925 0.0000004058 -0.0000019006 -0.0002768547 -0.0002006658 0.0001694963 0.0000191005 0.0000025231 0.0000088198 -0.0010470440 -0.0005527628 0.0004951556 0.0000215782 0.0000164547 0.0001335800 -0.0035197296 -0.0008152997 0.0008050830 0.0000764774 0.0000027947 -0.0000317720 -0.0031172871 -0.0023493081 0.0000384741 0.0000241614 0.0000003743 0.0000004111 -0.0000502820 -0.0000240555 0.0000680843 0.0000161900 0.0000003928 -0.0000013626 -0.0002225309 -0.0001562765 0.0001910701 0.0000228377 0.0000019775 0.0000059084 -0.0008418659 -0.0004737054 0.0004923825 0.0000193813 0.0000082441 0.0000648454 -0.0018979301 -0.0005493478 0.0005526014 0.0000542956 0.0000015982 -0.0000170323 -0.0016794799 -0.0012009913 0.0000310759 0.0000209525 0.0000003252 0.0000006684 -0.0000270864 -0.0000058421 0.0000493553 0.0000133111 0.0000002743 -0.0000005363 -0.0001198943 -0.0000772462 0.0001454102 0.0000178203 0.0000010703 0.0000027498 -0.0004537016 -0.0002514476 0.0002825782 0.0000076932 0.0000027711 0.0000210646 -0.0006859150 -0.0001865864 0.0002552391 0.0000243321 0.0000006432 -0.0000060423 -0.0006065212 -0.0003896335 0.0000170635 0.0000121825 0.0000001900 0.0000005012 -0.0000097807 0.0000020508 0.0000242146 0.0000072896 0.0000001370 -0.0000000703 -0.0000432990 -0.0000232487 0.0000726633 0.0000088338 0.0000004047 0.0000009009 -0.0001638899 -0.0000810408
 0.0005458124 0.0008152218 0.0000244545 0.0002333272 -0.0026370779 0.0003883860 -0.0093183588 -0.0088224098 -0.0001416522 -0.0005094246 -0.0023441267 -0.0085741577 -0.0104318080 -0.0089195120 -0.0001395927 -0.0005010983 -0.0000381756 9.9928928418 -0.0055204266 -0.0047711568 -0.0000748570 -0.0002683611 -0.0001674847 -0.0038961736 -0.0050482088 -0.0044095311 -0.0000686240 -0.0002344888 -0.0006323752 -0.0038085708 0.0021309378 0.0011254872 0.0000273905 0.0002706036 -0.0031663119 0.0003409114 -0.0153307234 -0.0174773002 -0.0002819527 -0.0009846302 -0.0028111826 -0.0137023324 -0.0203176964 -0.0174207942 -0.0002726402 -0.0009779216 -0.0000460335 -0.0138221754 -0.0105784079 -0.0093348455 -0.0001465814 -0.0005236560 -0.0002009852 -0.0073985439 -0.0092526380 -0.0086928175 -0.0001366351 -0.0004713912 -0.0007587757 -0.0069349815 0.0043188191 0.0011290233 0.0000200397 0.0002229180 -0.0025478343 0.0009931358 -0.0172504588 -0.0230628998 -0.0003736757 -0.0012759952 -0.0022599163 -0.0152689360 -0.0265394531 -0.0228052041 -0.0003569211 -0.0012794925 -0.0000373410 -0.0180422928 -0.0136445705 -0.0122321448 -0.0001922147 -0.0006847555 -0.0001617382 -0.0094970024 -0.0114789510 -0.0114393815 -0.0001809727 -0.0006256042 -0.0006102964 -0.0085605776 0.0068631763 0.0009262746 0.0000094021 0.0001470229 -0.0013740069 0.0025339342 -0.0115584184 -0.0202247157 -0.0003304495 -0.0010973811 -0.0012178917 -0.0109388729 -0.0232181823 -0.0200086648 -0.0003131949 -0.0011220697 -0.0000204193 -0.0157852084 -0.0117130632 -0.0107316763 -0.0001688442 -0.0005993217 -0.0000873056 -0.0081571050 -0.0091813510 -0.0100401918 -0.0001599206 -0.0005489991 -0.0003290734 -0.0069386610 0.0080902603 0.0006909168 0.0000028299 0.0000921784 -0.0004966095 0.0036687184 -0.0027866041 -0.0117305596 -0.0001951812 -0.0006174081 -0.0004400102 -0.0041696856 -0.0135835981 -0.0117647796 -0.0001842123 -0.0006593828 -0.0000075520 -0.0092440482 -0.0065993044 -0.0062998174 -0.0000993666 -0.0003505020 -0.0000316261 -0.0046348859 -0.0043545289 -0.0058638303 -0.0000944262 -0.0003174653 -0.0001189652 -0.0035004799
 -0.0384955435 -0.0029605028 0.0000241282 0.0003258380 0.0033735155 -0.0024520612 -0.0797796238 -0.0105506716 -0.0001179569 -0.0007389299 0.0028687633 -0.0419801064 -0.0083935440 -0.0063004186 -0.0000978534 -0.0003565383 0.0000457588 -0.0055204266 9.9910950578 -0.0036418385 -0.0000535932 -0.0002132208 0.0002049160 -0.0051598385 -0.0195272227 -0.0041415257 -0.0000506842 -0.0002169343 0.0007858264 -0.0091302439 -0.0289985935 -0.0035358902 0.0000189564 0.0004116098 0.0040215713 0.0020145496 -0.0851837725 -0.0176859547 -0.0002260072 -0.0011059726 0.0034361724 -0.0456209979 -0.0153277688 -0.0122564574 -0.0001909323 -0.0006902904 0.0000546671 -0.0102155643 -0.0125012747 -0.0069068843 -0.0001043962 -0.0003938630 0.0002453255 -0.0075994651 -0.0219518036 -0.0073895409 -0.0001005460 -0.0003834328 0.0009396005 -0.0109381005 -0.0073759880 -0.0028031824 0.0000060443 0.0003614948 0.0032163126 0.0077219756 -0.0627052535 -0.0207849559 -0.0002905389 -0.0012052492 0.0027591642 -0.0349048412 -0.0193120078 -0.0160036999 -0.0002497694 -0.0008991076 0.0000436853 -0.0129800537 -0.0129786267 -0.0088737526 -0.0001363065 -0.0004992922 0.0001968546 -0.0082518615 -0.0176599533 -0.0091059644 -0.0001322329 -0.0004742586 0.0007533255 -0.0095739589 0.0114421553 -0.0011897686 -0.0000023240 0.0002571047 0.0017255072 0.0114798867 -0.0281406122 -0.0166866735 -0.0002506110 -0.0009083742 0.0014852039 -0.0170684121 -0.0165165942 -0.0140149531 -0.0002190428 -0.0007860991 0.0000233184 -0.0111700172 -0.0095105638 -0.0076755370 -0.0001193037 -0.0004278989 0.0001058536 -0.0063047935 -0.0093005991 -0.0076117828 -0.0001158943 -0.0003949919 0.0004049517 -0.0056426399 0.0180573456 0.0001160540 -0.0000028462 0.0001731506 0.0006209130 0.0113342043 -0.0026274556 -0.0089136721 -0.0001449126 -0.0004445843 0.0005359005 -0.0029905219 -0.0094847823 -0.0082268463 -0.0001287729 -0.0004606958 0.0000082948 -0.0064536371 -0.0046099296 -0.0044497187 -0.0000699938 -0.0002453820 0.0000381335 -0.0032138301 -0.0020847199 -0.0042505548 -0.0000678467 -0.0002147344 0.0001459356 -0.0017025498
